107
ADN34704_D_rozenmani                            0.0000000 0.0047219 0.4630175 0.5399481 0.5634993 0.3920987 0.1932446 0.4132673 0.2578825 0.5046341 0.5905026 0.3866020 0.2471432 0.3769187 0.3110390 0.2132315 0.5182386 0.6480102 0.4907515 0.3031006 0.2614035 0.1807019 0.1950078 0.4589493 0.3274448 0.3274448 0.3120455 0.3232960 0.4212513 0.1950505 0.6526267 0.2281374 0.2282254 0.1932446 0.1900309 0.2454167 0.1919543 0.6085394 0.6085394 0.5712677 0.5972626 0.4184837 0.4866809 0.5176179 0.4481954 0.4481954 0.3778348 0.4151449 0.4043148 0.3252379 0.5263207 0.4214336 0.4214336 0.2990894 0.5646256 0.5903555 0.6568380 0.6496761 0.4063961 0.3958932 0.6673456 0.3672188 0.5402636 0.5402636 0.6034326 0.5686406 0.4730316 0.5838456 0.5079889 0.5084154 0.4768468 0.4768468 0.2079892 0.2079892 0.6283361 0.4063752 0.6313698 0.5011107 0.2964342 0.1950505 0.1858236 0.1985413 0.2977889 0.4251024 0.5955285 0.5336626 0.5268677 0.5806796 0.6631645 0.4508272 0.4875946 0.4562302 0.4705834 0.5090056 0.3618057 0.4604196 0.4556930 0.3349531 0.3423666 0.5681334 0.3868497 0.4246893 0.4232078 0.3395388 0.3395388 0.5023356 0.4350605 
ADN34705_D_rozenmani                            0.0047219 0.0000000 0.4569754 0.5450969 0.5790312 0.4067516 0.1926785 0.4069739 0.2683741 0.5200806 0.5954912 0.3901211 0.2411875 0.3803321 0.3234938 0.2126723 0.5228793 0.6536080 0.4947546 0.3102795 0.2615289 0.1821887 0.1942962 0.4536125 0.3301242 0.3301242 0.3100003 0.3259496 0.4150091 0.1943391 0.6582244 0.2279118 0.2278209 0.1926785 0.1893799 0.2394278 0.1933705 0.6040730 0.6040730 0.5548774 0.5816981 0.4329193 0.4906762 0.5120627 0.4534703 0.4534703 0.3711871 0.4293593 0.4183015 0.3283548 0.5316083 0.4252778 0.4252778 0.3071545 0.5587414 0.5950878 0.6525055 0.6547579 0.4087067 0.4009664 0.6607283 0.3739233 0.5349887 0.5349887 0.6194898 0.5847248 0.4671389 0.5890858 0.5242613 0.5138604 0.4827424 0.4827424 0.2096344 0.2096344 0.6334868 0.4087254 0.6263452 0.5056340 0.3083721 0.1943391 0.1849997 0.1978610 0.3006486 0.4185208 0.5801335 0.5283358 0.5216146 0.5753893 0.6454526 0.4545939 0.4816026 0.4717614 0.4758809 0.5143302 0.3646974 0.4646320 0.4598901 0.3307568 0.3381197 0.5627364 0.3904300 0.4180439 0.4373794 0.3351044 0.3351044 0.5068622 0.4372563 
ADN46832_D_rossalleni                           0.4630175 0.4569754 0.0000000 0.6629386 0.6848711 0.6069028 0.4781030 0.4103309 0.4672377 0.5328297 0.6251726 0.5230580 0.4269847 0.5254614 0.5112470 0.4316798 0.6329036 0.6908315 0.5840435 0.5678245 0.5901508 0.5243367 0.4673802 0.5147835 0.4266690 0.4266690 0.4116839 0.4225016 0.4067165 0.4759296 0.7761656 0.4387712 0.4754544 0.4781030 0.4651504 0.4265731 0.5385240 0.5866101 0.5866101 0.5694748 0.5878880 0.5874966 0.6492632 0.5502251 0.5321108 0.5321108 0.5654554 0.5306485 0.5182857 0.5588169 0.5044037 0.4711735 0.4711735 0.6098635 0.4244909 0.4289712 0.5070691 0.5337383 0.3391858 0.4508441 0.5335584 0.4551664 0.2805241 0.2805241 0.4897096 0.4555864 0.0031387 0.4931051 0.5434136 0.5428828 0.4315837 0.4315837 0.4792449 0.4792449 0.5507789 0.3523224 0.6253643 0.5681012 0.5830290 0.4759296 0.5143408 0.4712804 0.5330792 0.4590123 0.5504014 0.4292967 0.4211449 0.6746199 0.6109359 0.4975660 0.3213125 0.4066131 0.4973894 0.4662307 0.6117183 0.5427894 0.5428851 0.5186751 0.5265868 0.5473590 0.5437968 0.4686581 0.5082535 0.5352079 0.5352079 0.5401826 0.4156389 
ADN46851_D_haraldschultzi                       0.5399481 0.5450969 0.6629386 0.0000000 0.0101238 0.5398834 0.5303236 0.5909422 0.6468205 0.6723068 0.9058160 0.5806786 0.6143718 0.5908202 0.5996491 0.5224636 0.6382383 0.6540096 0.5734034 0.4919265 0.4258791 0.5008337 0.5375496 0.6389248 0.5898449 0.5898449 0.5840902 0.5953040 0.6054256 0.5376444 0.6950823 0.5151398 0.5424572 0.5401580 0.5324493 0.6033108 0.5146114 0.5690108 0.5690108 0.7061652 0.7151429 0.6256728 0.5742771 0.6489755 0.5135394 0.5135394 0.5517784 0.7623999 0.7417094 0.7434005 0.7496448 0.6656242 0.6656242 0.5301446 0.6571343 0.5376612 0.6222504 0.6408947 0.5881963 0.6549727 0.6439945 0.7121379 0.5817558 0.5817558 0.7640953 0.7101097 0.6697949 0.4944708 0.5124730 0.5123261 0.6220764 0.6220764 0.4866430 0.4866430 0.6309047 0.6171084 0.9858035 0.5584592 0.5172960 0.5320380 0.4964361 0.5373347 0.7899914 0.7361557 0.6579718 0.6419068 0.6431229 0.4278225 0.6060545 0.5551876 0.6281615 0.6717814 0.7768539 0.7375141 0.6040221 0.6695419 0.6696489 0.6558564 0.6750590 0.5554809 0.5852719 0.7510476 0.6498236 0.5427718 0.5427718 0.7860123 0.4670680 
ADN47562_D_haraldschultzi                       0.5634993 0.5790312 0.6848711 0.0101238 0.0000000 0.5448878 0.5737779 0.6082419 0.6867235 0.7496602 0.9399140 0.6395616 0.6876871 0.6503624 0.6472446 0.5631292 0.7054469 0.7604822 0.5989093 0.5474969 0.5129358 0.5446695 0.5795533 0.6576816 0.6106853 0.6106853 0.6120250 0.6160097 0.6219379 0.5796442 0.7870942 0.5874085 0.5995980 0.5830596 0.5478679 0.6777715 0.5678073 0.6018887 0.6018887 0.7195672 0.7506862 0.6572635 0.6300257 0.6538028 0.5917310 0.5917310 0.6179345 0.7422616 0.7285217 0.7591710 0.7722134 0.7108040 0.7108040 0.5791817 0.6808183 0.5677313 0.6303710 0.6621958 0.6038256 0.6699297 0.6822549 0.7824648 0.6206007 0.6206007 0.7687509 0.7153670 0.6977838 0.5131660 0.5119815 0.5118309 0.6918995 0.6918995 0.5374106 0.5374106 0.6481959 0.6299549 1.0199712 0.5793185 0.5542530 0.5744333 0.5407833 0.5794093 0.8075747 0.7738488 0.6710110 0.6901306 0.6786267 0.4718914 0.6248998 0.6367395 0.6638130 0.6940087 0.8292356 0.7317527 0.6355768 0.7215413 0.7216321 0.7170984 0.7361769 0.5790559 0.6547060 0.8178689 0.6962062 0.5889314 0.5889314 0.8380642 0.4973829 
ADN47584_D_riveroi                              0.3920987 0.4067516 0.6069028 0.5398834 0.5448878 0.0000000 0.3718901 0.5864691 0.4762699 0.5846671 0.6658582 0.5119300 0.4279988 0.5195772 0.4034816 0.4034831 0.6183520 0.5984989 0.5321730 0.2448467 0.3802007 0.3758691 0.3775837 0.6231203 0.3104497 0.3104497 0.2917810 0.3055899 0.5963993 0.3776686 0.5739689 0.3544723 0.3709565 0.3815392 0.3767627 0.4286011 0.4019326 0.7086265 0.7086265 0.7276581 0.7694321 0.4444710 0.5603454 0.6462612 0.5195799 0.5195799 0.4935607 0.6167166 0.6463207 0.3529916 0.5562916 0.4348526 0.4348526 0.2745811 0.6355579 0.6799002 0.8571155 0.7922124 0.6004415 0.6506371 0.7465397 0.4804841 0.5376016 0.5376016 0.6891471 0.6283294 0.6069028 0.5656782 0.5527829 0.5646451 0.6716808 0.6716808 0.3450973 0.3450973 0.7852176 0.6167195 0.6809069 0.6222132 0.2971709 0.3576561 0.3834136 0.3629071 0.4788103 0.6197342 0.6695295 0.6796605 0.6757727 0.6298019 0.6711779 0.5346715 0.4956306 0.4626920 0.6893225 0.7094471 0.3481304 0.4126717 0.4173616 0.3882923 0.3782928 0.5846294 0.5097167 0.5689498 0.4355934 0.2673375 0.2673375 0.6038254 0.5153710 
CFBHnoVoucher                                   0.1932446 0.1926785 0.4781030 0.5303236 0.5737779 0.3718901 0.0000000 0.4546543 0.2426262 0.4092964 0.5578963 0.3661680 0.2605760 0.3724052 0.2821587 0.2014040 0.5981686 0.6651995 0.5138016 0.3069792 0.2234612 0.1533352 0.0095908 0.4431349 0.2473830 0.2473830 0.2493260 0.2510813 0.4623425 0.0095925 0.7340030 0.2148889 0.2160032 0.0031316 0.0016717 0.2609401 0.1721579 0.5168844 0.5168844 0.5192781 0.5119797 0.3966044 0.5108491 0.5257996 0.4103845 0.4103845 0.4043331 0.3647769 0.3649807 0.3416562 0.4579711 0.3803629 0.3803629 0.3022836 0.5324138 0.5619962 0.6031741 0.5797033 0.3587809 0.4701653 0.5579214 0.4109579 0.4872977 0.4872977 0.6092907 0.5505725 0.4873972 0.4379183 0.4056027 0.4045865 0.4512590 0.4512590 0.2051416 0.2051416 0.5753694 0.3670203 0.5834034 0.5534839 0.2947306 0.0129088 0.0991046 0.0112422 0.2636982 0.4647963 0.4833684 0.5789192 0.5714556 0.5146242 0.5315070 0.4569204 0.4673131 0.4227068 0.4608466 0.4749999 0.3256475 0.4238341 0.4191972 0.3068696 0.3100378 0.6287077 0.3681680 0.4546715 0.3641954 0.3630242 0.3630242 0.4950731 0.3945140 
CFBH13210_D_anceps                              0.4132673 0.4069739 0.4103309 0.5909422 0.6082419 0.5864691 0.4546543 0.0000000 0.4354779 0.5373529 0.5310836 0.4270016 0.4157461 0.4396597 0.4520819 0.4309129 0.5283980 0.5929345 0.4653304 0.4429899 0.3653198 0.4587512 0.4445901 0.4768929 0.3840576 0.3840576 0.3779630 0.3883079 0.0144785 0.4530135 0.5859285 0.4346659 0.4915888 0.4630023 0.4506878 0.4150444 0.4751291 0.5573709 0.5573709 0.5218634 0.5428885 0.5340992 0.4993451 0.4622548 0.6919442 0.6919442 0.3838938 0.5036286 0.4965775 0.4218054 0.4829011 0.3913729 0.3913729 0.4385593 0.4509601 0.4591371 0.5180738 0.5214915 0.4274819 0.4877343 0.5628944 0.4831385 0.3880665 0.3880665 0.6686199 0.6463632 0.4190136 0.4809366 0.5144357 0.5139028 0.3876055 0.3876055 0.4020992 0.4020992 0.5243414 0.4178282 0.5656798 0.5045700 0.4511597 0.4538770 0.4459512 0.4492922 0.5059930 0.4065617 0.5319812 0.4259793 0.4218343 0.5232490 0.5173006 0.4041093 0.4518152 0.4801329 0.4884855 0.4828832 0.5377975 0.4394539 0.4354629 0.4888609 0.5009478 0.5561374 0.4358611 0.3818708 0.4004589 0.4257619 0.4257619 0.6217967 0.3988081 
CFBH14148_D_elianeae                            0.2578825 0.2683741 0.4672377 0.6468205 0.6867235 0.4762699 0.2426262 0.4354779 0.0000000 0.5058354 0.6355061 0.4721416 0.2828758 0.4662383 0.3056794 0.2633884 0.5049091 0.8117801 0.5741280 0.3418037 0.2810089 0.2287586 0.2354007 0.5308958 0.3178523 0.3178523 0.3150032 0.3220317 0.4377560 0.2428367 0.8467571 0.2719132 0.2673198 0.2464091 0.2519495 0.2832680 0.2530395 0.5628924 0.5628924 0.5996933 0.5891622 0.4348873 0.5046216 0.5164502 0.4985534 0.4985534 0.4028586 0.4271213 0.4159439 0.3191477 0.5477358 0.4509472 0.4509472 0.3562981 0.4591470 0.4902118 0.6368285 0.5887193 0.3731293 0.5609351 0.5734896 0.3435741 0.4568268 0.4568268 0.6222979 0.5777339 0.4672162 0.4902048 0.4191564 0.4303991 0.5216899 0.5216899 0.2154615 0.2154615 0.6022120 0.3695898 0.7380459 0.5126390 0.3417225 0.2370256 0.2474547 0.2351939 0.2548252 0.5509833 0.5864050 0.5657206 0.5533501 0.5554025 0.6179003 0.3818466 0.5689092 0.4110160 0.5096982 0.4639029 0.3527346 0.4702015 0.4700460 0.3071935 0.3149373 0.6279268 0.4846210 0.5320847 0.4688422 0.4266315 0.4266315 0.5213151 0.4059429 
CFBH14964_D_elegans                             0.5046341 0.5200806 0.5328297 0.6723068 0.7496602 0.5846671 0.4092964 0.5373529 0.5058354 0.0000000 0.7204255 0.4592321 0.5596697 0.4657774 0.5001829 0.4689216 0.7418989 0.8041890 0.6801146 0.5006845 0.5035980 0.6015215 0.4094905 0.5182229 0.4460779 0.4460779 0.4708233 0.4506937 0.5362305 0.4095770 0.7754687 0.4705935 0.5439562 0.4139003 0.3948401 0.5500512 0.6016497 0.6797506 0.6797506 0.5819722 0.6008896 0.4644061 0.6868132 0.5738357 0.5181723 0.5181723 0.6441144 0.6260059 0.6254620 0.5652023 0.1201232 0.4567700 0.4567700 0.6048175 0.6470615 0.5898393 0.7115041 0.6758647 0.5955742 0.6427069 0.7816770 0.5022726 0.5670991 0.5670991 0.6068796 0.5631864 0.5321433 0.5966991 0.5757057 0.5858646 0.4292898 0.4292898 0.4961984 0.4961984 0.6921550 0.5994378 0.6899562 0.6240196 0.5082728 0.4095770 0.4901397 0.4147550 0.6529954 0.4671990 0.5686298 0.7169910 0.7103323 0.7930811 0.8159682 0.6202566 0.5229873 0.6457768 0.5321069 0.6052783 0.6641614 0.4532593 0.4485333 0.4848336 0.4985010 0.6814894 0.4897769 0.4904623 0.4478290 0.5992802 0.5992802 0.4032486 0.5903743 
CFBH15203_D_berthalutzae                        0.5905026 0.5954912 0.6251726 0.9058160 0.9399140 0.6658582 0.5578963 0.5310836 0.6355061 0.7204255 0.0000000 0.5914177 0.5823040 0.6103704 0.6302040 0.6321981 0.5694313 0.5905775 0.5696314 0.6124429 0.6430067 0.6258380 0.5535976 0.4345344 0.4915526 0.4915526 0.4988498 0.4914239 0.5529531 0.5536924 0.5867741 0.6625549 0.6378488 0.5674043 0.5641142 0.5825566 0.6316121 0.7680998 0.7680998 0.5597251 0.5555338 0.6395553 0.5795392 0.5111548 0.6067378 0.6067378 0.5363276 0.5048712 0.5070931 0.7375503 0.6860571 0.5994829 0.5994829 0.6510399 0.5528555 0.6428622 0.6828812 0.6749978 0.6466488 0.7333560 0.6520152 0.5330013 0.6125075 0.6125075 0.7174457 0.6549747 0.6253129 0.6156500 0.4774047 0.4672085 0.6121134 0.6121134 0.5767531 0.5767531 0.6952043 0.6652335 0.0949332 0.6077827 0.5887180 0.5638992 0.6139012 0.5588886 0.7302261 0.5719733 0.5656011 0.7399505 0.7289129 0.6341556 0.5615268 0.5319332 0.6375363 0.5378007 0.5930809 0.6042422 0.7697305 0.6290085 0.6243729 0.6575064 0.6684029 0.5801149 0.5640988 0.5137535 0.5446169 0.6296916 0.6296916 0.7129853 0.6411187 
CFBH15869_D_soaresi                             0.3866020 0.3901211 0.5230580 0.5806786 0.6395616 0.5119300 0.3661680 0.4270016 0.4721416 0.4592321 0.5914177 0.0000000 0.4618564 0.0047426 0.5152782 0.4264690 0.5349304 0.5623262 0.5646292 0.4932855 0.4667773 0.4616571 0.3839589 0.5162042 0.4438115 0.4438115 0.4462698 0.4397286 0.4464617 0.3930893 0.5707541 0.5225798 0.4919800 0.3661680 0.3285449 0.4528580 0.4646102 0.4944549 0.4944549 0.5473218 0.5355516 0.3760590 0.5291339 0.5209091 0.5181994 0.5181994 0.5358580 0.5138692 0.5058137 0.4680174 0.5098149 0.1045523 0.1045523 0.4181435 0.6301551 0.6365445 0.6173500 0.5814844 0.4209375 0.6172858 0.6130398 0.5234998 0.5691476 0.5691476 0.5746941 0.5425703 0.5223568 0.5058284 0.4890088 0.4894713 0.4445588 0.4445588 0.4310768 0.4310768 0.6553705 0.4305522 0.6721554 0.5364822 0.4647418 0.3986253 0.4874157 0.3936483 0.4727154 0.3261223 0.5239793 0.6562936 0.6475633 0.5583873 0.6292885 0.5480268 0.4310429 0.5233340 0.2877354 0.5751204 0.4924025 0.1271828 0.1245551 0.5353986 0.5433774 0.5555019 0.0163841 0.2971512 0.1107407 0.5148029 0.5148029 0.6308799 0.5200144 
CFBH15885_D_minusculus                          0.2471432 0.2411875 0.4269847 0.6143718 0.6876871 0.4279988 0.2605760 0.4157461 0.2828758 0.5596697 0.5823040 0.4618564 0.0000000 0.4770615 0.3416833 0.1928364 0.5573964 0.6650908 0.5287946 0.2810288 0.2118880 0.2245649 0.2654758 0.4352902 0.3585387 0.3585387 0.3422436 0.3543999 0.4156642 0.2730666 0.7447438 0.1375380 0.1221006 0.2679497 0.2646524 0.0031306 0.2241836 0.6790970 0.6790970 0.5904362 0.5695784 0.5412667 0.5268127 0.5061337 0.4636320 0.4636320 0.4606920 0.5136869 0.5212578 0.3781868 0.6175156 0.4401626 0.4401626 0.2515007 0.5358758 0.5084959 0.6573937 0.6038347 0.4052562 0.5364290 0.5864541 0.4265848 0.4576561 0.4576561 0.6349430 0.5776206 0.4269773 0.4330612 0.5378672 0.5372950 0.5784143 0.5784143 0.1993486 0.1993486 0.6152721 0.4153134 0.6878888 0.5585570 0.2965821 0.2691559 0.2765074 0.2650473 0.3297145 0.4822083 0.5321534 0.5207119 0.5090836 0.5828125 0.5972939 0.4536838 0.5120239 0.4448643 0.4946404 0.4436319 0.4422979 0.5069668 0.5023625 0.3689181 0.3736037 0.5636876 0.4611178 0.4617062 0.4664512 0.3568850 0.3568850 0.6445064 0.4374128 
CFBH18575_D_soaresi                             0.3769187 0.3803321 0.5254614 0.5908202 0.6503624 0.5195772 0.3724052 0.4396597 0.4662383 0.4657774 0.6103704 0.0047426 0.4770615 0.0000000 0.5036654 0.4322426 0.5540313 0.5755254 0.5812783 0.4836807 0.4729480 0.4455491 0.3904934 0.5352004 0.4492055 0.4492055 0.4415512 0.4450712 0.4593777 0.3996922 0.5946545 0.5300193 0.4855731 0.3724052 0.3346343 0.4680404 0.4482081 0.5016023 0.5016023 0.5560534 0.5441532 0.3673364 0.5460554 0.5397908 0.5321353 0.5321353 0.5194746 0.4964077 0.4886910 0.4796399 0.5168904 0.1077778 0.1077778 0.4073179 0.6498512 0.6467676 0.6265193 0.5900102 0.4043935 0.6278191 0.6271430 0.5305803 0.5777865 0.5777865 0.5791722 0.5462141 0.5247601 0.5150297 0.4970001 0.4974635 0.4457714 0.4457714 0.4174114 0.4174114 0.6650999 0.4136565 0.6830401 0.5501640 0.4664882 0.4052704 0.4723801 0.4002582 0.4546859 0.3107474 0.5320522 0.6765521 0.6673284 0.5668599 0.6398199 0.5365661 0.4308690 0.5066431 0.2729586 0.5838754 0.5043078 0.1307691 0.1280983 0.5192591 0.5268502 0.5735604 0.0181722 0.2826384 0.1139634 0.4987642 0.4987642 0.6261989 0.5273738 
CFBH18721_D_bipunctatus                         0.3110390 0.3234938 0.5112470 0.5996491 0.6472446 0.4034816 0.2821587 0.4520819 0.3056794 0.5001829 0.6302040 0.5152782 0.3416833 0.5036654 0.0000000 0.2700991 0.3841301 0.6250074 0.4765590 0.3241923 0.3423473 0.2460813 0.2687854 0.4859858 0.3201535 0.3201535 0.3197667 0.3241403 0.4591204 0.2760250 0.6263384 0.3008077 0.2969220 0.2821587 0.2875273 0.3331736 0.2498633 0.5846601 0.5846601 0.5864315 0.5422203 0.4692358 0.4923527 0.4764679 0.5524333 0.5524333 0.3596428 0.4505777 0.4721179 0.4638350 0.5387419 0.5274716 0.5274716 0.3569615 0.5538468 0.5507249 0.5697312 0.5484623 0.3923912 0.4903528 0.5013473 0.4008411 0.4495496 0.4495496 0.5141351 0.4633471 0.5211734 0.4377489 0.4342262 0.4447194 0.5097018 0.5097018 0.2407513 0.2407513 0.5609749 0.4016630 0.6819300 0.4756663 0.3423054 0.2668766 0.2860626 0.2649274 0.3786160 0.5621331 0.6001314 0.5713631 0.5634646 0.5173750 0.5366608 0.3065673 0.4594406 0.4215489 0.5680154 0.5098172 0.3834732 0.5814123 0.5859768 0.0713704 0.0739163 0.5504958 0.5096393 0.5520287 0.5360401 0.3415106 0.3415106 0.5053577 0.4392412 
CFBH18764_D_branneri                            0.2132315 0.2126723 0.4316798 0.5224636 0.5631292 0.4034831 0.2014040 0.4309129 0.2633884 0.4689216 0.6321981 0.4264690 0.1928364 0.4322426 0.2700991 0.0000000 0.5377664 0.6544685 0.4712827 0.2929962 0.1210039 0.2336364 0.1940729 0.4536965 0.3058786 0.3058786 0.2910398 0.3099854 0.4393455 0.2003621 0.7201820 0.0979847 0.1391886 0.2014040 0.2024452 0.1861063 0.2374663 0.6060446 0.6060446 0.5654395 0.5472032 0.4638521 0.4510526 0.4948271 0.4250166 0.4250166 0.4214821 0.4484357 0.4414971 0.3793263 0.5277932 0.4102723 0.4102723 0.3303586 0.5239962 0.4891232 0.5350031 0.4909944 0.3532087 0.4295749 0.5462070 0.3962367 0.4224772 0.4224772 0.5962856 0.5598841 0.4412641 0.4866141 0.5001809 0.5106732 0.5046408 0.5046408 0.1767766 0.1767766 0.5157150 0.3718737 0.6019975 0.5688781 0.3043024 0.2071395 0.2155115 0.2037296 0.2946653 0.5351209 0.5453362 0.4580278 0.4477199 0.5702438 0.5812945 0.4256664 0.5349929 0.4056734 0.5366360 0.5289084 0.3791752 0.4744299 0.4695617 0.2858543 0.2889631 0.5354595 0.4168863 0.5149652 0.4376666 0.3664632 0.3664632 0.6120674 0.4589899 
CFBH18782_D_decipiens                           0.5182386 0.5228793 0.6329036 0.6382383 0.7054469 0.6183520 0.5981686 0.5283980 0.5049091 0.7418989 0.5694313 0.5349304 0.5573964 0.5540313 0.3841301 0.5377664 0.0000000 0.3599010 0.3157946 0.5059627 0.5851650 0.4896205 0.5891747 0.7021361 0.5256439 0.5256439 0.5266615 0.5258067 0.5230104 0.5987590 0.3471129 0.5338172 0.5387997 0.5981686 0.5825398 0.5475898 0.4985865 0.7311597 0.7311597 0.6942760 0.6786845 0.5638530 0.3028274 0.1771962 0.5520268 0.5520268 0.6150463 0.7292725 0.7257595 0.5590461 0.8267594 0.6112288 0.6112288 0.5842658 0.6403821 0.6414466 0.6133023 0.6291913 0.5928958 0.7130513 0.5749998 0.5639848 0.5912266 0.5912266 0.6212929 0.5929908 0.6436258 0.6130083 0.5592598 0.5701029 0.6985071 0.6985071 0.5059006 0.5059006 0.6331564 0.5873420 0.5837953 0.2029697 0.5285125 0.5891653 0.6685988 0.5841087 0.7864623 0.7280235 0.6513762 0.6199104 0.6109559 0.5896427 0.6687254 0.6477028 0.6605709 0.6218538 0.6540410 0.5998659 0.6327362 0.6357525 0.6311732 0.4321023 0.4440884 0.3084576 0.5173348 0.6656255 0.6010680 0.5313800 0.5313800 0.7003669 0.5390551 
CFBH18799_D_oliveirai                           0.6480102 0.6536080 0.6908315 0.6540096 0.7604822 0.5984989 0.6651995 0.5929345 0.8117801 0.8041890 0.5905775 0.5623262 0.6650908 0.5755254 0.6250074 0.6544685 0.3599010 0.0000000 0.4566444 0.5680669 0.6413181 0.6116266 0.6543440 0.6095960 0.6221621 0.6221621 0.6488004 0.6220472 0.5980532 0.6544510 0.0743344 0.5258637 0.6673291 0.6755624 0.6315746 0.6762527 0.6484253 0.8599712 0.8599712 0.6684283 0.6797095 0.7017088 0.4320313 0.3188587 0.7248782 0.7248782 0.7843448 0.7322194 0.7133414 0.5301753 0.7510870 0.6037998 0.6037998 0.6039576 0.6362757 0.6369531 0.7487359 0.6984687 0.6738525 0.7667994 0.7099071 0.7756990 0.7388855 0.7388855 0.6131950 0.5777375 0.7037436 0.6844663 0.5568320 0.5697193 0.6879351 0.6879351 0.5485022 0.5485022 0.7111292 0.6908147 0.5952459 0.3682259 0.5758268 0.6647701 0.7508791 0.6593974 0.8505839 0.7009310 0.6702423 0.6651341 0.6533687 0.6364759 0.7373711 0.7124643 0.6333514 0.6359742 0.6579228 0.7514392 0.7556581 0.6661455 0.6618161 0.6812573 0.6995652 0.4282450 0.5390338 0.6467683 0.6175593 0.6667710 0.6667710 0.7332480 0.5830843 
CFBH19472_D_haddadi                             0.4907515 0.4947546 0.5840435 0.5734034 0.5989093 0.5321730 0.5138016 0.4653304 0.5741280 0.6801146 0.5696314 0.5646292 0.5287946 0.5812783 0.4765590 0.4712827 0.3157946 0.4566444 0.0000000 0.5027868 0.5340382 0.5278029 0.5071103 0.5604017 0.4720722 0.4720722 0.4943863 0.4773679 0.4757143 0.5072017 0.4264587 0.4975229 0.4994859 0.5138016 0.5158852 0.5292602 0.5372027 0.8057134 0.8057134 0.6557884 0.6950764 0.4807348 0.1064583 0.3603546 0.6363936 0.6363936 0.6308480 0.5826774 0.5732358 0.5158303 0.6558632 0.5859391 0.5859391 0.5272501 0.5963857 0.6109951 0.7415068 0.6751191 0.6150269 0.6232829 0.6973259 0.6283736 0.5821432 0.5821432 0.6927967 0.6549515 0.5839569 0.5371988 0.5279652 0.5376562 0.5414835 0.5414835 0.4785033 0.4785033 0.7105581 0.6304451 0.6182916 0.2925787 0.4749851 0.5081325 0.5789333 0.5030071 0.6952791 0.6723525 0.6718901 0.6064096 0.5973328 0.6622714 0.7456705 0.6161393 0.5761730 0.6441558 0.7674692 0.5780683 0.5835227 0.6392368 0.6351611 0.5207580 0.5075815 0.1436579 0.5593060 0.6751565 0.5780417 0.4602154 0.4602154 0.7170421 0.5533990 
CFBH19993_D_nanus                               0.3031006 0.3102795 0.5678245 0.4919265 0.5474969 0.2448467 0.3069792 0.4429899 0.3418037 0.5006845 0.6124429 0.4932855 0.2810288 0.4836807 0.3241923 0.2929962 0.5059627 0.5680669 0.5027868 0.0000000 0.2978849 0.2697065 0.3156610 0.5005324 0.2882530 0.2882530 0.2841078 0.2841078 0.4459193 0.3240492 0.5766133 0.2702462 0.2607054 0.3151666 0.3020583 0.2814612 0.2735698 0.6315872 0.6315872 0.5807165 0.5822155 0.4748628 0.4592229 0.5259522 0.4424552 0.4424552 0.4486807 0.4874638 0.5054483 0.3070169 0.5116702 0.5196324 0.5196324 0.0721766 0.5337985 0.5354417 0.8274648 0.7841380 0.5160032 0.5770605 0.6137648 0.4688847 0.5005417 0.5005417 0.6459201 0.5887833 0.5778838 0.5246334 0.4251856 0.4374811 0.5283991 0.5283991 0.2519031 0.2519031 0.7838133 0.5298104 0.6079686 0.5153305 0.0395337 0.3108442 0.3003831 0.3153919 0.3654457 0.5246752 0.6041254 0.5837398 0.5807057 0.5616419 0.6529862 0.4762231 0.5099467 0.3747669 0.5201435 0.5595949 0.3218385 0.5121010 0.5070859 0.3395029 0.3307927 0.4993514 0.4964796 0.4912571 0.4766567 0.2327967 0.2327967 0.5849212 0.4467049 
CFBH20829_D_branneri                            0.2614035 0.2615289 0.5901508 0.4258791 0.5129358 0.3802007 0.2234612 0.3653198 0.2810089 0.5035980 0.6430067 0.4667773 0.2118880 0.4729480 0.3423473 0.1210039 0.5851650 0.6413181 0.5340382 0.2978849 0.0000000 0.2595159 0.2322794 0.4307782 0.2895149 0.2895149 0.2799791 0.2936698 0.3718140 0.2391119 0.6815665 0.1305812 0.1838417 0.2302488 0.2168341 0.2101436 0.2776927 0.5977550 0.5977550 0.6244941 0.6075080 0.4914765 0.4488590 0.5711383 0.5155223 0.5155223 0.3783931 0.4775783 0.4693586 0.3585522 0.5456235 0.4245078 0.4245078 0.3417453 0.5308552 0.4804262 0.5902143 0.5563267 0.3822509 0.4286865 0.6442190 0.4141514 0.4913296 0.4913296 0.6411204 0.5882043 0.5900699 0.4739436 0.5014221 0.5011818 0.4667745 0.4667745 0.1743415 0.1743415 0.5472993 0.3818247 0.6592779 0.6029734 0.3168005 0.2391119 0.2444499 0.2427923 0.3491270 0.4999494 0.6057791 0.4876020 0.4819979 0.5390192 0.6838090 0.3521141 0.5186465 0.5095831 0.4713382 0.5712841 0.4706523 0.4620728 0.4575247 0.3363824 0.3406151 0.6247214 0.4669594 0.4533253 0.4147008 0.3772051 0.3772051 0.5800914 0.3656692 
CFBH21788_D_cachimbo                            0.1807019 0.1821887 0.5243367 0.5008337 0.5446695 0.3758691 0.1533352 0.4587512 0.2287586 0.6015215 0.6258380 0.4616571 0.2245649 0.4455491 0.2460813 0.2336364 0.4896205 0.6116266 0.5278029 0.2697065 0.2595159 0.0000000 0.1505197 0.4954033 0.3594333 0.3594333 0.3335498 0.3595534 0.4623584 0.1565109 0.7013431 0.2326213 0.2388443 0.1593360 0.1597484 0.2171996 0.0178818 0.5676788 0.5676788 0.6066369 0.5750740 0.4580275 0.5689171 0.5190180 0.4403529 0.4403529 0.3430540 0.4061218 0.3948081 0.3523785 0.6066561 0.4674438 0.4674438 0.3001343 0.5411073 0.5807964 0.6532908 0.6295948 0.4164906 0.4827544 0.5889530 0.3911665 0.5010923 0.5010923 0.6364610 0.5840942 0.5242880 0.4024506 0.5220011 0.5330185 0.5015231 0.5015231 0.1738936 0.1738936 0.6163163 0.4166433 0.6454342 0.5630210 0.3019023 0.1534159 0.1679591 0.1502601 0.2694857 0.5314542 0.6263375 0.6245480 0.6159436 0.4562264 0.5319438 0.3954014 0.5741504 0.4251296 0.5357047 0.4604671 0.4004216 0.5264968 0.5210557 0.2812888 0.2876505 0.6055925 0.4456500 0.5311087 0.4988510 0.3806405 0.3806405 0.5567275 0.4400473 
CFBH21936_D_jimi                                0.1950078 0.1942962 0.4673802 0.5375496 0.5795533 0.3775837 0.0095908 0.4445901 0.2354007 0.4094905 0.5535976 0.3839589 0.2654758 0.3904934 0.2687854 0.1940729 0.5891747 0.6543440 0.5071103 0.3156610 0.2322794 0.1505197 0.0000000 0.4400873 0.2492160 0.2492160 0.2512424 0.2528837 0.4519727 0.0031331 0.7110377 0.2136588 0.2114166 0.0128888 0.0120664 0.2658513 0.1630782 0.5238369 0.5238369 0.5077158 0.4998059 0.3970298 0.5135208 0.5174994 0.4041897 0.4041897 0.4043504 0.3544562 0.3548248 0.3606409 0.4572026 0.3874265 0.3874265 0.3122226 0.5090225 0.5489338 0.6123810 0.5806855 0.3706626 0.4629140 0.5823015 0.3989388 0.4810427 0.4810427 0.6046580 0.5467911 0.4766893 0.4588813 0.4058803 0.4146422 0.4442114 0.4442114 0.2135049 0.2135049 0.5674378 0.3792181 0.5792420 0.5548507 0.3204172 0.0063235 0.0987657 0.0047208 0.2548880 0.4536318 0.4858622 0.5563815 0.5493751 0.5123214 0.5555699 0.4459421 0.4696172 0.4118204 0.4500879 0.4632616 0.3181720 0.4221249 0.4173222 0.2928740 0.2958296 0.6191258 0.3861712 0.4434149 0.3803723 0.3681612 0.3681612 0.4826004 0.3800393 
CFBH22025_D_microps                             0.4589493 0.4536125 0.5147835 0.6389248 0.6576816 0.6231203 0.4431349 0.4768929 0.5308958 0.5182229 0.4345344 0.5162042 0.4352902 0.5352004 0.4859858 0.4536965 0.7021361 0.6095960 0.5604017 0.5005324 0.4307782 0.4954033 0.4400873 0.0000000 0.4001616 0.4001616 0.4030588 0.4052142 0.4913662 0.4401841 0.6597270 0.3909219 0.4616705 0.4534773 0.4500168 0.4346266 0.4952490 0.5291059 0.5291059 0.5196306 0.4713911 0.4784820 0.5883695 0.5377734 0.5103261 0.5103261 0.6140863 0.4908962 0.4834919 0.5565361 0.5091794 0.5752663 0.5752663 0.4860272 0.4504881 0.4401002 0.5852335 0.5255501 0.4958709 0.4102415 0.5976174 0.4020531 0.4885713 0.4885713 0.6235628 0.6015133 0.5147835 0.4407894 0.5512879 0.5516260 0.4909068 0.4909068 0.4162877 0.4162877 0.5803801 0.5194859 0.5155146 0.5345610 0.5215493 0.4462011 0.5042019 0.4405465 0.6304922 0.4948222 0.4899227 0.6221335 0.6160638 0.5207304 0.5548959 0.4590920 0.5288944 0.4685574 0.5916659 0.4181308 0.5487028 0.5743340 0.5693176 0.4858786 0.4939511 0.5579578 0.5292510 0.4814647 0.5346601 0.4974020 0.4974020 0.5520189 0.4800077 
CFBH22226_D_pseudomeridianus                    0.3274448 0.3301242 0.4266690 0.5898449 0.6106853 0.3104497 0.2473830 0.3840576 0.3178523 0.4460779 0.4915526 0.4438115 0.3585387 0.4492055 0.3201535 0.3058786 0.5256439 0.6221621 0.4720722 0.2882530 0.2895149 0.3594333 0.2492160 0.4001616 0.0000000 0.0000010 0.0016359 0.0015579 0.3907232 0.2492704 0.6276599 0.3001362 0.2972724 0.2473830 0.2401401 0.3590055 0.3760631 0.5464169 0.5464169 0.5198264 0.5451477 0.3560185 0.5482712 0.4603136 0.4496926 0.4496926 0.3132752 0.4772762 0.4709377 0.3851391 0.3788959 0.4124212 0.4124212 0.3151462 0.5603544 0.6485019 0.4740901 0.4710040 0.4667244 0.4162904 0.6129822 0.3169874 0.3988666 0.3988666 0.5534829 0.5207370 0.4348663 0.4238800 0.4349015 0.4343273 0.4569322 0.4569322 0.3005811 0.3005811 0.5469754 0.4872566 0.5027469 0.5826895 0.3120051 0.2492704 0.2916526 0.2532140 0.3989577 0.3919091 0.5208335 0.4988136 0.4980477 0.5583895 0.6589841 0.3450685 0.4496711 0.3837044 0.4204201 0.4336833 0.3978299 0.4333927 0.4291402 0.3204166 0.3276413 0.5364144 0.4437605 0.3808723 0.3901428 0.3571364 0.3571364 0.3940738 0.4163663 
CFBH22231_D_pseudomeridianus                    0.3274448 0.3301242 0.4266690 0.5898449 0.6106853 0.3104497 0.2473830 0.3840576 0.3178523 0.4460779 0.4915526 0.4438115 0.3585387 0.4492055 0.3201535 0.3058786 0.5256439 0.6221621 0.4720722 0.2882530 0.2895149 0.3594333 0.2492160 0.4001616 0.0000010 0.0000000 0.0016359 0.0015579 0.3907232 0.2492704 0.6276599 0.3001362 0.2972724 0.2473830 0.2401401 0.3590055 0.3760631 0.5464169 0.5464169 0.5198264 0.5451477 0.3560185 0.5482712 0.4603136 0.4496926 0.4496926 0.3132752 0.4772762 0.4709377 0.3851391 0.3788959 0.4124212 0.4124212 0.3151462 0.5603544 0.6485019 0.4740901 0.4710040 0.4667244 0.4162904 0.6129822 0.3169874 0.3988666 0.3988666 0.5534829 0.5207370 0.4348663 0.4238800 0.4349015 0.4343273 0.4569322 0.4569322 0.3005811 0.3005811 0.5469754 0.4872566 0.5027469 0.5826895 0.3120051 0.2492704 0.2916526 0.2532140 0.3989577 0.3919091 0.5208335 0.4988136 0.4980477 0.5583895 0.6589841 0.3450685 0.4496711 0.3837044 0.4204201 0.4336833 0.3978299 0.4333927 0.4291402 0.3204166 0.3276413 0.5364144 0.4437605 0.3808723 0.3901428 0.3571364 0.3571364 0.3940738 0.4163663 
CFBH22236_D_meridianus                          0.3120455 0.3100003 0.4116839 0.5840902 0.6120250 0.2917810 0.2493260 0.3779630 0.3150032 0.4708233 0.4988498 0.4462698 0.3422436 0.4415512 0.3197667 0.2910398 0.5266615 0.6488004 0.4943863 0.2841078 0.2799791 0.3335498 0.2512424 0.4030588 0.0016359 0.0016359 0.0000000 0.0000010 0.3847904 0.2513002 0.6538589 0.2893143 0.2836264 0.2493260 0.2417928 0.3427227 0.3504335 0.5585437 0.5585437 0.5456899 0.5599237 0.3664661 0.5761594 0.4508575 0.4331463 0.4331463 0.3225007 0.4681732 0.4617185 0.3875157 0.3856976 0.3975484 0.3975484 0.3104453 0.5451000 0.6164931 0.4897509 0.4943119 0.4636499 0.4313253 0.6188952 0.3169874 0.3888677 0.3888677 0.5470799 0.5296529 0.4201778 0.4032018 0.4485055 0.4478871 0.4443318 0.4443318 0.2834524 0.2834524 0.5853121 0.4854088 0.5157266 0.5979314 0.3118808 0.2513002 0.2802942 0.2554675 0.3905878 0.3892694 0.5526205 0.4682056 0.4681103 0.5669844 0.6635374 0.3470166 0.4423868 0.3694989 0.4213502 0.4456096 0.4042871 0.4195730 0.4151246 0.3156467 0.3231356 0.5489340 0.4506143 0.3778015 0.3795295 0.3378229 0.3378229 0.3775324 0.4099792 
CFBH22239_D_meridianus                          0.3232960 0.3259496 0.4225016 0.5953040 0.6160097 0.3055899 0.2510813 0.3883079 0.3220317 0.4506937 0.4914239 0.4397286 0.3543999 0.4450712 0.3241403 0.3099854 0.5258067 0.6220472 0.4773679 0.2841078 0.2936698 0.3595534 0.2528837 0.4052142 0.0015579 0.0015579 0.0000010 0.0000000 0.3949803 0.2529387 0.6275498 0.3042457 0.3013102 0.2510813 0.2440884 0.3548662 0.3761858 0.5509592 0.5509592 0.5155288 0.5408969 0.3517864 0.5532461 0.4553010 0.4547218 0.4547218 0.3175038 0.4726219 0.4663443 0.3897137 0.3836334 0.4081071 0.4081071 0.3104453 0.5605262 0.6440724 0.4692245 0.4661781 0.4621792 0.4205629 0.6131556 0.3169874 0.3946240 0.3946240 0.5484417 0.5259201 0.4307050 0.4285641 0.4299512 0.4293757 0.4614604 0.4614604 0.2966834 0.2966834 0.5421068 0.4827273 0.5026168 0.5875402 0.3076555 0.2529387 0.2875939 0.2568949 0.4039231 0.3965702 0.5163865 0.5036334 0.5027626 0.5582735 0.6541880 0.3495770 0.4452431 0.3791571 0.4159025 0.4382897 0.4019134 0.4292191 0.4249501 0.3242716 0.3315414 0.5415400 0.4436514 0.3855983 0.3859931 0.3528535 0.3528535 0.3987217 0.4208080 
CFBH22999_D_anceps                              0.4212513 0.4150091 0.4067165 0.6054256 0.6219379 0.5963993 0.4623425 0.0144785 0.4377560 0.5362305 0.5529531 0.4464617 0.4156642 0.4593777 0.4591204 0.4393455 0.5230104 0.5980532 0.4757143 0.4459193 0.3718140 0.4623584 0.4519727 0.4913662 0.3907232 0.3907232 0.3847904 0.3949803 0.0000000 0.4603824 0.5978008 0.4385452 0.5052441 0.4706724 0.4588257 0.4235487 0.4788223 0.5451388 0.5451388 0.4900157 0.5295985 0.5519808 0.5202292 0.4510946 0.7065798 0.7065798 0.3980861 0.5281073 0.5207142 0.3955965 0.4924421 0.4033273 0.4033273 0.4532610 0.4551441 0.4721446 0.5213917 0.5162963 0.4264006 0.4882190 0.5688780 0.4807967 0.3813287 0.3813287 0.6567433 0.6340553 0.4154236 0.4767791 0.5140618 0.5135245 0.3839033 0.3839033 0.4054513 0.4054513 0.5278666 0.4166984 0.5610897 0.5039085 0.4541871 0.4520520 0.4533158 0.4566683 0.5258040 0.4091602 0.5274579 0.4164659 0.4124755 0.5282551 0.5376649 0.4129574 0.4475907 0.4930531 0.4835929 0.4835274 0.5227190 0.4512615 0.4472978 0.4963170 0.5086404 0.5515133 0.4556187 0.3840948 0.4119622 0.4152170 0.4152170 0.6347455 0.4076042 
CFBH25705_D_jimi                                0.1950505 0.1943391 0.4759296 0.5376444 0.5796442 0.3776686 0.0095925 0.4530135 0.2428367 0.4095770 0.5536924 0.3930893 0.2730666 0.3996922 0.2760250 0.2003621 0.5987590 0.6544510 0.5072017 0.3240492 0.2391119 0.1565109 0.0031331 0.4401841 0.2492704 0.2492704 0.2513002 0.2529387 0.4603824 0.0000000 0.7111393 0.2202515 0.2181922 0.0128911 0.0120687 0.2734488 0.1692349 0.5239270 0.5239270 0.5165184 0.5091531 0.3971161 0.5136115 0.5276827 0.4143647 0.4143647 0.4130151 0.3638957 0.3641120 0.3607199 0.4572956 0.3966382 0.3966382 0.3219206 0.5091186 0.5490256 0.6038652 0.5719721 0.3788799 0.4718331 0.5823983 0.4106129 0.4895598 0.4895598 0.6047617 0.5468988 0.4851396 0.4685640 0.3959570 0.4046941 0.4442952 0.4442952 0.2198860 0.2198860 0.5675287 0.3875217 0.5793383 0.5651940 0.3204887 0.0063246 0.1035607 0.0047216 0.2636026 0.4626625 0.4952985 0.5656000 0.5584720 0.5220421 0.5556696 0.4551077 0.4785685 0.4212404 0.4590323 0.4726529 0.3262671 0.4316781 0.4269104 0.3002996 0.3033479 0.6192236 0.3953842 0.4526186 0.3896892 0.3769666 0.3769666 0.4925835 0.3890883 
CFBH26580_D_oliveirai                           0.6526267 0.6582244 0.7761656 0.6950823 0.7870942 0.5739689 0.7340030 0.5859285 0.8467571 0.7754687 0.5867741 0.5707541 0.7447438 0.5946545 0.6263384 0.7201820 0.3471129 0.0743344 0.4264587 0.5766133 0.6815665 0.7013431 0.7110377 0.6597270 0.6276599 0.6276599 0.6538589 0.6275498 0.5978008 0.7111393 0.0000000 0.6102766 0.6675684 0.7436454 0.7106313 0.7337776 0.7184779 0.8678982 0.8678982 0.7063161 0.6833021 0.6374694 0.4359600 0.3280718 0.8149932 0.8149932 0.8040422 0.7681010 0.7585740 0.5317221 0.7044605 0.6331284 0.6331284 0.5944035 0.7139451 0.6931991 0.7701581 0.7592707 0.7107930 0.8017458 0.7157387 0.8776021 0.8380582 0.8380582 0.6347278 0.5936513 0.7899468 0.7482946 0.6195362 0.6311393 0.7038219 0.7038219 0.6298880 0.6298880 0.7478552 0.7279746 0.5817817 0.3608132 0.5680226 0.7224922 0.7469687 0.7159373 0.9639913 0.6716645 0.7043593 0.6778497 0.6662321 0.6828527 0.7592020 0.7766426 0.6298047 0.7235293 0.6657169 0.7947396 0.7661531 0.6621985 0.6576988 0.6353300 0.6519414 0.4938459 0.5465462 0.6223035 0.6033293 0.6273281 0.6273281 0.7427447 0.5786358 
CFBH27070_D_cruzi                               0.2281374 0.2279118 0.4387712 0.5151398 0.5874085 0.3544723 0.2148889 0.4346659 0.2719132 0.4705935 0.6625549 0.5225798 0.1375380 0.5300193 0.3008077 0.0979847 0.5338172 0.5258637 0.4975229 0.2702462 0.1305812 0.2326213 0.2136588 0.3909219 0.3001362 0.3001362 0.2893143 0.3042457 0.4385452 0.2202515 0.6102766 0.0000000 0.1216659 0.2214965 0.2095060 0.1435710 0.2414358 0.6224847 0.6224847 0.5763404 0.5865150 0.4969703 0.4643840 0.5281683 0.4105385 0.4105385 0.3956902 0.4220430 0.4276633 0.3330950 0.5115144 0.4972905 0.4972905 0.3117343 0.4905562 0.4705419 0.5943580 0.5460513 0.3354563 0.4345083 0.6964884 0.3863426 0.4543562 0.4543562 0.5915463 0.5545530 0.4474245 0.3807053 0.4426226 0.4529386 0.5268112 0.5268112 0.1641450 0.1641450 0.5262155 0.3517864 0.6278653 0.5638802 0.3098212 0.2202515 0.2328570 0.2167036 0.2597525 0.4921931 0.5573414 0.4269216 0.4225494 0.5397863 0.6706020 0.3995694 0.5333663 0.4399072 0.5682633 0.4792662 0.3967731 0.5699452 0.5653788 0.3485847 0.3527574 0.5261802 0.5153669 0.4569204 0.5203913 0.3557794 0.3557794 0.5699832 0.4080384 
CFBH29140_D_minusculus                          0.2282254 0.2278209 0.4754544 0.5424572 0.5995980 0.3709565 0.2160032 0.4915888 0.2673198 0.5439562 0.6378488 0.4919800 0.1221006 0.4855731 0.2969220 0.1391886 0.5387997 0.6673291 0.4994859 0.2607054 0.1838417 0.2388443 0.2114166 0.4616705 0.2972724 0.2972724 0.2836264 0.3013102 0.5052441 0.2181922 0.6675684 0.1216659 0.0000000 0.2228190 0.2144776 0.1166168 0.2280520 0.6599834 0.6599834 0.6169660 0.5917322 0.4097226 0.4896221 0.5639036 0.4166645 0.4166645 0.4245744 0.5140767 0.5214041 0.4140688 0.6063973 0.4935718 0.4935718 0.2769520 0.6333564 0.5504005 0.6761694 0.6369344 0.3691670 0.5371832 0.6828878 0.4568827 0.4875621 0.4875621 0.5944909 0.5208043 0.4845676 0.4738060 0.5535202 0.5639942 0.5406272 0.5406272 0.1866922 0.1866922 0.6299575 0.3781961 0.6919878 0.5498524 0.2847265 0.2181922 0.2388055 0.2145467 0.3126728 0.5700241 0.6023744 0.5176182 0.5059815 0.5553023 0.7055751 0.4181496 0.5292864 0.4526549 0.5573378 0.5201510 0.4103900 0.5421854 0.5374631 0.3277829 0.3315189 0.5639150 0.4834178 0.5401856 0.4939421 0.3272216 0.3272216 0.5661690 0.4228596 
CFBH32780_D_cerradensis                         0.1932446 0.1926785 0.4781030 0.5401580 0.5830596 0.3815392 0.0031316 0.4630023 0.2464091 0.4139003 0.5674043 0.3661680 0.2679497 0.3724052 0.2821587 0.2014040 0.5981686 0.6755624 0.5138016 0.3151666 0.2302488 0.1593360 0.0128888 0.4534773 0.2473830 0.2473830 0.2493260 0.2510813 0.4706724 0.0128911 0.7436454 0.2214965 0.2228190 0.0000000 0.0016717 0.2683204 0.1783884 0.5168844 0.5168844 0.5192781 0.5212192 0.4062310 0.5108491 0.5359365 0.4205504 0.4205504 0.4130635 0.3695838 0.3697085 0.3416562 0.4630559 0.3803629 0.3803629 0.3117143 0.5324138 0.5711014 0.6119269 0.5885395 0.3587809 0.4701653 0.5674947 0.4109579 0.4872977 0.4872977 0.6195449 0.5614538 0.4873972 0.4474320 0.4107923 0.4098199 0.4512590 0.4512590 0.2114677 0.2114677 0.5844097 0.3670203 0.5929962 0.5534839 0.3030866 0.0162638 0.0991046 0.0145687 0.2636982 0.4647963 0.4928681 0.5789192 0.5714556 0.5244543 0.5413427 0.4660101 0.4673131 0.4274962 0.4608466 0.4843056 0.3256475 0.4238341 0.4191972 0.3068696 0.3100378 0.6287077 0.3681680 0.4546715 0.3641954 0.3719040 0.3719040 0.4950731 0.4034988 
CFBH32783_D_cerradensis                         0.1900309 0.1893799 0.4651504 0.5324493 0.5478679 0.3767627 0.0016717 0.4506878 0.2519495 0.3948401 0.5641142 0.3285449 0.2646524 0.3346343 0.2875273 0.2024452 0.5825398 0.6315746 0.5158852 0.3020583 0.2168341 0.1597484 0.0120664 0.4500168 0.2401401 0.2401401 0.2417928 0.2440884 0.4588257 0.0120687 0.7106313 0.2095060 0.2144776 0.0016717 0.0000000 0.2650521 0.1737156 0.5028163 0.5028163 0.4660120 0.4768933 0.3715972 0.5172927 0.5309351 0.4177514 0.4177514 0.4067024 0.3478480 0.3430658 0.3372607 0.4713757 0.3638888 0.3638888 0.3185725 0.5272885 0.5690738 0.6035351 0.5737668 0.3555984 0.4388156 0.5354255 0.3854915 0.4745390 0.4745390 0.6172375 0.5610132 0.4651504 0.4427301 0.4057544 0.4047392 0.4509088 0.4509088 0.2130959 0.2130959 0.5553848 0.3643429 0.5971989 0.5131308 0.3085061 0.0156722 0.0921888 0.0138605 0.2593750 0.4534675 0.4402748 0.5484411 0.5501147 0.4830911 0.5072769 0.4455908 0.4515986 0.4071487 0.4339295 0.4640490 0.3369238 0.3902788 0.3853508 0.3144988 0.3181065 0.5979764 0.3204914 0.4219380 0.3385688 0.3802694 0.3802694 0.5050550 0.4118821 
