87
AY844869_D_sarayacuensis      0.0000000 0.0160297 0.0254392 0.0282767 0.0051650 0.0223264 0.0252002 0.0188655 0.0078356 0.0289397 0.0190594 0.0254373 0.0195384 0.0160406 0.0252002 0.0148544 0.0151901 0.0188655 0.0172350 0.0160406 0.0192346 0.0233009 0.0282559 0.0252014 0.0282559 0.0247104 0.0252002 0.0174041 0.0282545 0.0252716 0.0252014 0.0172447 0.0133422 0.0223185 0.0288394 0.0132903 0.0172350 0.0160406 0.0217447 0.0208392 0.0105111 0.0218975 0.0218975 0.0201407 0.0251823 0.0252559 0.0216688 0.0312384 0.0283788 0.0189012 0.0211435 0.0189687 0.0232514 0.0188629 0.0078191 0.0160406 0.0160508 0.0190813 0.0132604 0.0190721 0.0190721 0.0025499 0.0223082 0.0281442 0.0189541 0.0189157 0.0248570 0.0254392 0.0286613 0.0252729 0.0221980 0.0189127 0.0051679 0.0188638 0.0218713 0.0171374 0.0000010 0.0219315 0.0131863 0.0189746 0.0160508 0.0160617 0.0198534 0.0160617 0.0188647 0.0160406 0.0518964 
AY844797_D_anceps             0.0160297 0.0000000 0.0135099 0.0162271 0.0159127 0.0163080 0.0133942 0.0131420 0.0187748 0.0218413 0.0189030 0.0135093 0.0193740 0.0051277 0.0133942 0.0108831 0.0111120 0.0131420 0.0132244 0.0077567 0.0078909 0.0111268 0.0162167 0.0133949 0.0162167 0.0187356 0.0133942 0.0133447 0.0162159 0.0134313 0.0133949 0.0112763 0.0078068 0.0162982 0.0165210 0.0131868 0.0132244 0.0159134 0.0104234 0.0164585 0.0105344 0.0160061 0.0160061 0.0104484 0.0133839 0.0134211 0.0189248 0.0248831 0.0221026 0.0131655 0.0166875 0.0132088 0.0188235 0.0077519 0.0187339 0.0051277 0.0159234 0.0132845 0.0131574 0.0160710 0.0160710 0.0188353 0.0106672 0.0219246 0.0132011 0.0104514 0.0188385 0.0135099 0.0151456 0.0134319 0.0106211 0.0187590 0.0159217 0.0131409 0.0159882 0.0077610 0.0159860 0.0217484 0.0132169 0.0077951 0.0159234 0.0159341 0.0196550 0.0159341 0.0131414 0.0051277 0.0444823 
CBF5926_D_juliani             0.0254392 0.0135099 0.0000000 0.0132763 0.0252335 0.0133413 0.0105227 0.0222143 0.0283760 0.0333566 0.0285970 0.0106104 0.0293532 0.0135190 0.0105227 0.0201679 0.0206195 0.0222143 0.0223716 0.0106977 0.0051676 0.0081901 0.0132682 0.0105232 0.0132682 0.0283129 0.0105227 0.0225962 0.0132676 0.0105513 0.0105232 0.0206937 0.0136034 0.0197276 0.0135093 0.0222970 0.0223716 0.0314075 0.0135093 0.0261638 0.0194833 0.0254021 0.0254021 0.0135434 0.0226685 0.0193273 0.0224346 0.0287859 0.0322435 0.0222582 0.0233502 0.0223428 0.0223068 0.0107104 0.0283100 0.0079507 0.0252528 0.0224802 0.0222440 0.0255201 0.0255201 0.0284851 0.0078568 0.0319674 0.0193544 0.0135464 0.0284922 0.0000010 0.0118703 0.0105518 0.0078242 0.0283533 0.0252485 0.0222122 0.0253699 0.0107237 0.0253661 0.0316717 0.0223583 0.0052800 0.0252528 0.0252721 0.0277576 0.0252721 0.0163605 0.0079507 0.0484741 
CFBHsn_D_jimi                 0.0282767 0.0162271 0.0132763 0.0000000 0.0219956 0.0051521 0.0025404 0.0250016 0.0250367 0.0329752 0.0314635 0.0132757 0.0290625 0.0162383 0.0077520 0.0199784 0.0204211 0.0250016 0.0251822 0.0133865 0.0077611 0.0026595 0.0159333 0.0077524 0.0159333 0.0311467 0.0025404 0.0254381 0.0104237 0.0025471 0.0131654 0.0236024 0.0163422 0.0225676 0.0052107 0.0250956 0.0251822 0.0342577 0.0162264 0.0259093 0.0222828 0.0282350 0.0282350 0.0220816 0.0194415 0.0162512 0.0252528 0.0381340 0.0351773 0.0250517 0.0262804 0.0251494 0.0251061 0.0191004 0.0311436 0.0106150 0.0280667 0.0253047 0.0250358 0.0283693 0.0283693 0.0313397 0.0104872 0.0348769 0.0251236 0.0162716 0.0251334 0.0132763 0.0057691 0.0025472 0.0051246 0.0250683 0.0280613 0.0249992 0.0281984 0.0191251 0.0281942 0.0282757 0.0251673 0.0134550 0.0280667 0.0280885 0.0237635 0.0280885 0.0250004 0.0106150 0.0600727 
CFBH13294_D_elegans           0.0051650 0.0159127 0.0252335 0.0219956 0.0000000 0.0162872 0.0190631 0.0187249 0.0025455 0.0252108 0.0189154 0.0252317 0.0164588 0.0159234 0.0190631 0.0137258 0.0140173 0.0187249 0.0188493 0.0187353 0.0190877 0.0200191 0.0280245 0.0190640 0.0280245 0.0245173 0.0190631 0.0190282 0.0219795 0.0191165 0.0249992 0.0171101 0.0132458 0.0221428 0.0224106 0.0131949 0.0188493 0.0159234 0.0215780 0.0193724 0.0160871 0.0217284 0.0217284 0.0216338 0.0190488 0.0191032 0.0247750 0.0309777 0.0281452 0.0187599 0.0226660 0.0188262 0.0246355 0.0187223 0.0077655 0.0159234 0.0159334 0.0189370 0.0131654 0.0218226 0.0218226 0.0078027 0.0221328 0.0279147 0.0188118 0.0187740 0.0188145 0.0252335 0.0249697 0.0191174 0.0161962 0.0187712 0.0051331 0.0187232 0.0217026 0.0187460 0.0051504 0.0217631 0.0188385 0.0188320 0.0159334 0.0159441 0.0196707 0.0159441 0.0187241 0.0159234 0.0513844 
CFBH14148_D_elianeae          0.0223264 0.0163080 0.0133413 0.0051521 0.0162872 0.0000000 0.0025525 0.0251284 0.0192261 0.0331709 0.0316257 0.0133407 0.0292148 0.0163193 0.0077894 0.0200828 0.0205302 0.0251284 0.0253104 0.0134525 0.0077986 0.0026727 0.0160105 0.0077897 0.0160105 0.0313051 0.0025525 0.0255692 0.0104742 0.0025592 0.0132294 0.0237269 0.0164243 0.0226838 0.0052367 0.0252232 0.0253104 0.0251438 0.0163073 0.0260447 0.0223964 0.0283803 0.0283803 0.0221931 0.0195407 0.0163323 0.0253819 0.0383337 0.0353623 0.0251789 0.0264197 0.0252770 0.0252337 0.0191961 0.0251586 0.0106674 0.0282090 0.0254343 0.0251629 0.0285155 0.0285155 0.0253079 0.0105383 0.0350588 0.0252511 0.0163528 0.0252605 0.0133413 0.0058003 0.0025594 0.0051492 0.0251956 0.0221637 0.0251259 0.0283434 0.0192210 0.0222625 0.0284202 0.0252953 0.0135225 0.0282090 0.0282312 0.0239103 0.0282312 0.0251271 0.0106674 0.0604019 
CFBH14340_D_araguaya          0.0252002 0.0133942 0.0105227 0.0025404 0.0190631 0.0025525 0.0000000 0.0220116 0.0220426 0.0293407 0.0283206 0.0105223 0.0258923 0.0134032 0.0051216 0.0169519 0.0173234 0.0220116 0.0221657 0.0106081 0.0051275 0.0000010 0.0131568 0.0051218 0.0131568 0.0280436 0.0000010 0.0223858 0.0077473 0.0000010 0.0104366 0.0204976 0.0134864 0.0195463 0.0025812 0.0220927 0.0221657 0.0311020 0.0133936 0.0227999 0.0193063 0.0251631 0.0251631 0.0191362 0.0164985 0.0134134 0.0222275 0.0348476 0.0319192 0.0220546 0.0231252 0.0221374 0.0221023 0.0162159 0.0280409 0.0078864 0.0250169 0.0222722 0.0220407 0.0252786 0.0252786 0.0282109 0.0077932 0.0316498 0.0221172 0.0134303 0.0221234 0.0105227 0.0028547 0.0000010 0.0025390 0.0220687 0.0250126 0.0220095 0.0251315 0.0162365 0.0251278 0.0252015 0.0221527 0.0106621 0.0250169 0.0250358 0.0201279 0.0250358 0.0220105 0.0078864 0.0563178 
CFBH14401_D_minutus           0.0188655 0.0131420 0.0222143 0.0250016 0.0187249 0.0251284 0.0220116 0.0000000 0.0159577 0.0185382 0.0217946 0.0222129 0.0223418 0.0131506 0.0220116 0.0137278 0.0140193 0.0000010 0.0160089 0.0159148 0.0162078 0.0200221 0.0249840 0.0220126 0.0249840 0.0051314 0.0220116 0.0161576 0.0249828 0.0220738 0.0220126 0.0141706 0.0105004 0.0191895 0.0254844 0.0159615 0.0160089 0.0244876 0.0187119 0.0135957 0.0078336 0.0188383 0.0188383 0.0187593 0.0219950 0.0220589 0.0218196 0.0219267 0.0191705 0.0104444 0.0196454 0.0104776 0.0216994 0.0159041 0.0215945 0.0131506 0.0187379 0.0160825 0.0159256 0.0189172 0.0189172 0.0217151 0.0191813 0.0190175 0.0104725 0.0187635 0.0160099 0.0222143 0.0249738 0.0220749 0.0190904 0.0216244 0.0187356 0.0159049 0.0132106 0.0159239 0.0188139 0.0246808 0.0104838 0.0159953 0.0187379 0.0187509 0.0231739 0.0187509 0.0104257 0.0131506 0.0478889 
CFBH14964_D_elegans           0.0078356 0.0187748 0.0283760 0.0250367 0.0025455 0.0192261 0.0220426 0.0159577 0.0000000 0.0287392 0.0218685 0.0283738 0.0194294 0.0187879 0.0191166 0.0166670 0.0170253 0.0159577 0.0217908 0.0216550 0.0220718 0.0231605 0.0311914 0.0220437 0.0311914 0.0216694 0.0220426 0.0220026 0.0220426 0.0221051 0.0281063 0.0201422 0.0160777 0.0252105 0.0255210 0.0160131 0.0217908 0.0187879 0.0245511 0.0224023 0.0189863 0.0247276 0.0247276 0.0246156 0.0220268 0.0220901 0.0248470 0.0279943 0.0251782 0.0216840 0.0227330 0.0160414 0.0247058 0.0216395 0.0104707 0.0187879 0.0188001 0.0218934 0.0159770 0.0248384 0.0248384 0.0105225 0.0251984 0.0249731 0.0217442 0.0216995 0.0217499 0.0283760 0.0284648 0.0221062 0.0191166 0.0216975 0.0077862 0.0187757 0.0188793 0.0216674 0.0078147 0.0247650 0.0217782 0.0217669 0.0188001 0.0188132 0.0232694 0.0188132 0.0159570 0.0187879 0.0550710 
CFBH15203_D_berthalutzae      0.0289397 0.0218413 0.0333566 0.0329752 0.0252108 0.0331709 0.0293407 0.0185382 0.0287392 0.0000000 0.0253856 0.0333533 0.0253856 0.0218594 0.0293407 0.0154033 0.0157712 0.0185382 0.0152257 0.0252323 0.0258093 0.0295413 0.0366559 0.0293424 0.0366559 0.0252509 0.0293407 0.0152257 0.0329441 0.0294390 0.0329771 0.0236297 0.0120763 0.0152158 0.0337589 0.0253215 0.0152257 0.0357439 0.0286443 0.0089467 0.0221319 0.0288925 0.0288925 0.0287333 0.0219172 0.0254044 0.0326160 0.0402183 0.0364861 0.0252713 0.0303674 0.0184252 0.0323853 0.0252108 0.0321954 0.0218594 0.0286951 0.0218921 0.0252530 0.0218441 0.0218441 0.0288450 0.0295489 0.0364861 0.0253540 0.0287376 0.0029206 0.0333566 0.0257690 0.0293407 0.0258093 0.0306534 0.0286887 0.0252121 0.0217070 0.0252481 0.0288450 0.0306534 0.0219852 0.0219730 0.0286951 0.0218450 0.0352878 0.0218450 0.0252135 0.0218594 0.0520602 
CFBH15869_D_soaresi           0.0190594 0.0189030 0.0285970 0.0314635 0.0189154 0.0316257 0.0283206 0.0217946 0.0218685 0.0253856 0.0000000 0.0285947 0.0000010 0.0132535 0.0283206 0.0197755 0.0202088 0.0217946 0.0219455 0.0218073 0.0222312 0.0265264 0.0252055 0.0283220 0.0252055 0.0277572 0.0283206 0.0221608 0.0314380 0.0284030 0.0222027 0.0202886 0.0161856 0.0253999 0.0321057 0.0051701 0.0219455 0.0307790 0.0247293 0.0195408 0.0191178 0.0189943 0.0189943 0.0247940 0.0252207 0.0283854 0.0280605 0.0344712 0.0315780 0.0218368 0.0260023 0.0219178 0.0278946 0.0217915 0.0218199 0.0189163 0.0078062 0.0220498 0.0051588 0.0250212 0.0250212 0.0219434 0.0253875 0.0313140 0.0218983 0.0218528 0.0219040 0.0285970 0.0321549 0.0284044 0.0252577 0.0105110 0.0189263 0.0217926 0.0248774 0.0218199 0.0190064 0.0133286 0.0219327 0.0219220 0.0078062 0.0025546 0.0129475 0.0025546 0.0217936 0.0189163 0.0484083 
CFBH15885_D_minusculus        0.0254373 0.0135093 0.0106104 0.0132757 0.0252317 0.0133407 0.0105223 0.0222129 0.0283738 0.0333533 0.0285947 0.0000000 0.0293508 0.0135184 0.0105223 0.0201666 0.0206181 0.0222129 0.0223701 0.0106973 0.0051674 0.0081897 0.0132675 0.0105228 0.0132675 0.0283107 0.0105223 0.0225947 0.0078236 0.0105509 0.0105228 0.0206923 0.0136036 0.0197263 0.0135086 0.0222955 0.0223701 0.0314049 0.0192577 0.0261618 0.0194821 0.0254003 0.0254003 0.0193080 0.0226670 0.0193261 0.0224331 0.0352025 0.0322407 0.0222568 0.0233485 0.0223413 0.0223053 0.0163581 0.0251409 0.0079504 0.0252510 0.0224787 0.0222425 0.0255183 0.0255183 0.0284829 0.0078565 0.0319646 0.0223204 0.0193117 0.0284899 0.0106104 0.0118697 0.0105513 0.0078239 0.0283511 0.0252467 0.0163589 0.0253681 0.0163791 0.0253643 0.0316690 0.0223569 0.0107522 0.0252510 0.0252703 0.0277550 0.0252703 0.0222118 0.0079504 0.0569916 
CFBH18575_D_soaresi           0.0195384 0.0193740 0.0293532 0.0290625 0.0164588 0.0292148 0.0258923 0.0223418 0.0194294 0.0253856 0.0000010 0.0293508 0.0000000 0.0135779 0.0258923 0.0197183 0.0201491 0.0223418 0.0225012 0.0223552 0.0228023 0.0264466 0.0258575 0.0258936 0.0258575 0.0284672 0.0258923 0.0195098 0.0290389 0.0259689 0.0227723 0.0208215 0.0165882 0.0260633 0.0296598 0.0052943 0.0225012 0.0315719 0.0253558 0.0194850 0.0196002 0.0194704 0.0194704 0.0254249 0.0227682 0.0259517 0.0287872 0.0353851 0.0321373 0.0223863 0.0266958 0.0224719 0.0286118 0.0223385 0.0223684 0.0193880 0.0079938 0.0226110 0.0052825 0.0256647 0.0256647 0.0224989 0.0260502 0.0321373 0.0224514 0.0224035 0.0194593 0.0293532 0.0321549 0.0258923 0.0228023 0.0107661 0.0193985 0.0223396 0.0255129 0.0223684 0.0194831 0.0135865 0.0224877 0.0224766 0.0079938 0.0026148 0.0133368 0.0026148 0.0223407 0.0193880 0.0462030 
CFBH18721_D_bipunctatus       0.0160406 0.0051277 0.0135190 0.0162383 0.0159234 0.0163193 0.0134032 0.0131506 0.0187879 0.0218594 0.0132535 0.0135184 0.0135779 0.0000000 0.0134032 0.0108903 0.0111195 0.0131506 0.0132331 0.0077614 0.0078958 0.0111344 0.0106086 0.0134038 0.0106086 0.0187486 0.0134032 0.0133535 0.0162271 0.0134402 0.0078867 0.0112840 0.0078116 0.0163095 0.0165327 0.0077696 0.0132331 0.0215955 0.0104300 0.0164700 0.0105411 0.0104755 0.0104755 0.0104551 0.0133928 0.0134301 0.0189381 0.0249018 0.0221189 0.0131741 0.0166993 0.0132175 0.0188366 0.0077567 0.0187469 0.0051307 0.0104246 0.0132933 0.0077527 0.0160820 0.0160820 0.0188484 0.0106741 0.0219406 0.0132098 0.0104581 0.0188517 0.0135190 0.0151572 0.0134409 0.0106280 0.0131574 0.0159324 0.0131494 0.0159990 0.0077658 0.0159968 0.0160146 0.0132256 0.0077999 0.0104246 0.0104312 0.0128150 0.0104312 0.0131500 0.0051307 0.0445227 
CFBH18764_D_branneri          0.0252002 0.0133942 0.0105227 0.0077520 0.0190631 0.0077894 0.0051216 0.0220116 0.0191166 0.0293407 0.0283206 0.0105223 0.0258923 0.0134032 0.0000000 0.0169519 0.0173234 0.0220116 0.0221657 0.0106081 0.0051275 0.0053625 0.0131568 0.0051218 0.0131568 0.0280436 0.0051216 0.0223858 0.0025389 0.0051341 0.0104366 0.0204976 0.0134864 0.0195463 0.0078812 0.0220927 0.0221657 0.0311020 0.0190868 0.0227999 0.0193063 0.0251631 0.0251631 0.0191362 0.0164985 0.0134134 0.0163704 0.0348476 0.0319192 0.0220546 0.0170225 0.0221374 0.0162835 0.0162159 0.0280409 0.0078864 0.0250169 0.0222722 0.0220407 0.0252786 0.0252786 0.0282109 0.0077932 0.0316498 0.0221172 0.0191402 0.0221234 0.0105227 0.0087304 0.0051344 0.0025390 0.0280831 0.0250126 0.0162167 0.0251315 0.0162365 0.0251278 0.0313605 0.0221527 0.0106621 0.0250169 0.0250358 0.0274344 0.0250358 0.0220105 0.0078864 0.0563178 
CFBH18782_D_decipiens         0.0148544 0.0108831 0.0201679 0.0199784 0.0137258 0.0200828 0.0169519 0.0137278 0.0166670 0.0154033 0.0197755 0.0201666 0.0197183 0.0108903 0.0169519 0.0000000 0.0000010 0.0137278 0.0026351 0.0137352 0.0139950 0.0172053 0.0230493 0.0169528 0.0230493 0.0195913 0.0169519 0.0000010 0.0199635 0.0170013 0.0199794 0.0118068 0.0026423 0.0110376 0.0203671 0.0137768 0.0026351 0.0225766 0.0166188 0.0053193 0.0088494 0.0167332 0.0167332 0.0108895 0.0137768 0.0138164 0.0169529 0.0260683 0.0229561 0.0137534 0.0112901 0.0080508 0.0137837 0.0137258 0.0195894 0.0108903 0.0166423 0.0138838 0.0137447 0.0108841 0.0108841 0.0179028 0.0170466 0.0229561 0.0137922 0.0166662 0.0108356 0.0201679 0.0220648 0.0169519 0.0139950 0.0178245 0.0166404 0.0137265 0.0108294 0.0080847 0.0148103 0.0209423 0.0117928 0.0138075 0.0166423 0.0166541 0.0183359 0.0166541 0.0137271 0.0108903 0.0358660 
CFBH18799_D_oliveirai         0.0151901 0.0111120 0.0206195 0.0204211 0.0140173 0.0205302 0.0173234 0.0140193 0.0170253 0.0157712 0.0202088 0.0206181 0.0201491 0.0111195 0.0173234 0.0000010 0.0000000 0.0140193 0.0026889 0.0140271 0.0142985 0.0175880 0.0235652 0.0173243 0.0235652 0.0200160 0.0173234 0.0000010 0.0204054 0.0173750 0.0204221 0.0120720 0.0026964 0.0112724 0.0208281 0.0140705 0.0026889 0.0230706 0.0169751 0.0054291 0.0090482 0.0170948 0.0170948 0.0111187 0.0140705 0.0141120 0.0173244 0.0266555 0.0234679 0.0140462 0.0112901 0.0082167 0.0140777 0.0140173 0.0200140 0.0111195 0.0169997 0.0141824 0.0140370 0.0111130 0.0111130 0.0183091 0.0174226 0.0234679 0.0140868 0.0170245 0.0110624 0.0206195 0.0226064 0.0173234 0.0142985 0.0182271 0.0169977 0.0140180 0.0110560 0.0082522 0.0151439 0.0214175 0.0120573 0.0141028 0.0169997 0.0170120 0.0183359 0.0170120 0.0140186 0.0111195 0.0367006 
CFBH19176_D_minutus           0.0188655 0.0131420 0.0222143 0.0250016 0.0187249 0.0251284 0.0220116 0.0000010 0.0159577 0.0185382 0.0217946 0.0222129 0.0223418 0.0131506 0.0220116 0.0137278 0.0140193 0.0000000 0.0160089 0.0159148 0.0162078 0.0200221 0.0249840 0.0220126 0.0249840 0.0051314 0.0220116 0.0161576 0.0249828 0.0220738 0.0220126 0.0141706 0.0105004 0.0191895 0.0254844 0.0159615 0.0160089 0.0244876 0.0187119 0.0135957 0.0078336 0.0188383 0.0188383 0.0187593 0.0219950 0.0220589 0.0218196 0.0219267 0.0191705 0.0104444 0.0196454 0.0104776 0.0216994 0.0159041 0.0215945 0.0131506 0.0187379 0.0160825 0.0159256 0.0189172 0.0189172 0.0217151 0.0191813 0.0190175 0.0104725 0.0187635 0.0160099 0.0222143 0.0249738 0.0220749 0.0190904 0.0216244 0.0187356 0.0159049 0.0132106 0.0159239 0.0188139 0.0246808 0.0104838 0.0159953 0.0187379 0.0187509 0.0231739 0.0187509 0.0104257 0.0131506 0.0478889 
CFBH19472_D_haddadi           0.0172350 0.0132244 0.0223716 0.0251822 0.0188493 0.0253104 0.0221657 0.0160089 0.0217908 0.0152257 0.0219455 0.0223701 0.0225012 0.0132331 0.0221657 0.0026351 0.0026889 0.0160089 0.0000000 0.0160176 0.0163147 0.0201658 0.0251642 0.0221668 0.0251642 0.0217443 0.0221657 0.0051714 0.0251630 0.0222289 0.0221668 0.0142655 0.0051425 0.0134084 0.0256728 0.0160649 0.0000010 0.0246595 0.0188361 0.0079699 0.0113977 0.0189643 0.0189643 0.0132320 0.0189184 0.0189723 0.0192076 0.0281032 0.0252726 0.0160384 0.0138487 0.0104387 0.0160724 0.0160067 0.0217423 0.0132331 0.0188625 0.0161876 0.0160284 0.0132257 0.0132257 0.0202001 0.0193125 0.0250655 0.0160816 0.0188884 0.0159462 0.0223716 0.0218037 0.0222299 0.0192202 0.0201133 0.0188601 0.0160074 0.0131599 0.0104821 0.0171846 0.0232753 0.0142490 0.0160989 0.0188625 0.0188757 0.0213860 0.0188757 0.0160082 0.0132331 0.0409200 
CFBH19993_D_nanus             0.0160406 0.0077567 0.0106977 0.0133865 0.0187353 0.0134525 0.0106081 0.0159148 0.0216550 0.0252323 0.0218073 0.0106973 0.0223552 0.0077614 0.0106081 0.0137352 0.0140271 0.0159148 0.0160176 0.0000000 0.0052079 0.0082575 0.0133782 0.0106086 0.0133782 0.0216089 0.0106081 0.0161664 0.0133776 0.0106372 0.0106086 0.0141784 0.0078068 0.0134432 0.0136236 0.0159701 0.0160176 0.0245021 0.0131483 0.0193864 0.0132908 0.0188488 0.0188488 0.0131804 0.0162147 0.0162607 0.0160610 0.0279147 0.0251061 0.0159439 0.0166875 0.0159983 0.0159776 0.0104300 0.0216069 0.0025391 0.0187483 0.0160912 0.0159341 0.0132839 0.0132839 0.0217277 0.0079195 0.0249018 0.0159869 0.0131838 0.0217319 0.0106977 0.0119798 0.0106377 0.0078864 0.0216369 0.0187460 0.0159134 0.0188271 0.0104425 0.0188245 0.0246956 0.0160084 0.0051468 0.0187483 0.0187614 0.0196550 0.0187614 0.0159141 0.0025391 0.0479259 
CFBH20829_D_branneri          0.0192346 0.0078909 0.0051676 0.0077611 0.0190877 0.0077986 0.0051275 0.0162078 0.0220718 0.0258093 0.0222312 0.0051674 0.0228023 0.0078958 0.0051275 0.0139950 0.0142985 0.0162078 0.0163147 0.0052079 0.0000000 0.0026580 0.0077567 0.0051277 0.0077567 0.0220244 0.0051275 0.0164695 0.0077564 0.0051401 0.0051277 0.0144509 0.0079428 0.0136918 0.0078906 0.0162653 0.0163147 0.0249816 0.0133853 0.0197654 0.0135330 0.0192060 0.0192060 0.0134187 0.0165199 0.0134301 0.0163598 0.0284843 0.0256129 0.0162381 0.0170110 0.0162947 0.0162730 0.0106142 0.0220223 0.0025814 0.0191013 0.0163913 0.0162279 0.0192884 0.0192884 0.0221483 0.0025519 0.0254002 0.0162831 0.0134219 0.0221527 0.0051676 0.0057656 0.0051404 0.0025419 0.0220536 0.0190988 0.0162063 0.0191833 0.0106272 0.0191806 0.0251836 0.0163052 0.0052344 0.0191013 0.0191149 0.0201113 0.0191149 0.0162071 0.0025814 0.0490651 
CFBH21936_D_jimi              0.0233009 0.0111268 0.0081901 0.0026595 0.0200191 0.0026727 0.0000010 0.0200221 0.0231605 0.0295413 0.0265264 0.0081897 0.0264466 0.0111344 0.0053625 0.0172053 0.0175880 0.0200221 0.0201658 0.0082575 0.0026580 0.0000000 0.0109241 0.0053627 0.0109241 0.0262586 0.0000010 0.0171217 0.0081156 0.0000010 0.0081212 0.0183522 0.0112056 0.0174217 0.0027042 0.0200982 0.0201658 0.0294265 0.0111263 0.0232835 0.0172030 0.0232652 0.0232652 0.0170462 0.0173365 0.0140771 0.0202245 0.0332779 0.0299621 0.0200624 0.0209450 0.0201392 0.0201077 0.0140373 0.0262559 0.0054550 0.0231267 0.0202664 0.0200492 0.0233745 0.0233745 0.0264203 0.0053885 0.0299621 0.0201215 0.0111582 0.0232510 0.0081901 0.0028722 0.0000010 0.0026580 0.0200755 0.0231229 0.0200201 0.0232353 0.0140556 0.0232317 0.0231756 0.0201534 0.0083019 0.0231267 0.0231447 0.0174589 0.0231447 0.0200211 0.0054550 0.0518028 
CFBH22226_D_pseudomeridianus  0.0282559 0.0162167 0.0132682 0.0159333 0.0280245 0.0160105 0.0131568 0.0249840 0.0311914 0.0366559 0.0252055 0.0132675 0.0258575 0.0106086 0.0131568 0.0230493 0.0235652 0.0249840 0.0251642 0.0133782 0.0077567 0.0109241 0.0000000 0.0131574 0.0000010 0.0311233 0.0131568 0.0254198 0.0159225 0.0131925 0.0025392 0.0235853 0.0163317 0.0225517 0.0162158 0.0191219 0.0251642 0.0342313 0.0220084 0.0290595 0.0222672 0.0221208 0.0221208 0.0220665 0.0255014 0.0220882 0.0252348 0.0381029 0.0351492 0.0250340 0.0262607 0.0251315 0.0250883 0.0190877 0.0311202 0.0106086 0.0219966 0.0252866 0.0190775 0.0283483 0.0283483 0.0313160 0.0104810 0.0348493 0.0251058 0.0220707 0.0313243 0.0132682 0.0148404 0.0131931 0.0104366 0.0249992 0.0280409 0.0249816 0.0281777 0.0191124 0.0281745 0.0281952 0.0251494 0.0134466 0.0219966 0.0220127 0.0236844 0.0220127 0.0249828 0.0106086 0.0455991 
CFBH22231_D_pseudomeridianus  0.0252014 0.0133949 0.0105232 0.0077524 0.0190640 0.0077897 0.0051218 0.0220126 0.0220437 0.0293424 0.0283220 0.0105228 0.0258936 0.0134038 0.0051218 0.0169528 0.0173243 0.0220126 0.0221668 0.0106086 0.0051277 0.0053627 0.0131574 0.0000000 0.0131574 0.0280450 0.0051218 0.0223868 0.0077476 0.0051344 0.0104371 0.0204986 0.0134870 0.0195473 0.0078815 0.0220937 0.0221668 0.0311035 0.0190877 0.0228010 0.0193073 0.0251643 0.0251643 0.0191372 0.0164993 0.0134140 0.0222286 0.0348493 0.0319208 0.0220557 0.0231264 0.0221385 0.0221034 0.0162167 0.0280423 0.0078867 0.0250181 0.0222733 0.0220417 0.0252798 0.0252798 0.0282123 0.0077935 0.0316514 0.0221183 0.0191411 0.0221244 0.0105232 0.0087309 0.0051346 0.0025392 0.0280845 0.0250139 0.0220105 0.0251327 0.0162373 0.0251291 0.0313621 0.0221537 0.0106626 0.0250181 0.0250370 0.0274361 0.0250370 0.0220116 0.0078867 0.0491126 
CFBH22236_D_meridianus        0.0282559 0.0162167 0.0132682 0.0159333 0.0280245 0.0160105 0.0131568 0.0249840 0.0311914 0.0366559 0.0252055 0.0132675 0.0258575 0.0106086 0.0131568 0.0230493 0.0235652 0.0249840 0.0251642 0.0133782 0.0077567 0.0109241 0.0000010 0.0131574 0.0000000 0.0311233 0.0131568 0.0254198 0.0159225 0.0131925 0.0025392 0.0235853 0.0163317 0.0225517 0.0162158 0.0191219 0.0251642 0.0342313 0.0220084 0.0290595 0.0222672 0.0221208 0.0221208 0.0220665 0.0255014 0.0220882 0.0252348 0.0381029 0.0351492 0.0250340 0.0262607 0.0251315 0.0250883 0.0190877 0.0311202 0.0106086 0.0219966 0.0252866 0.0190775 0.0283483 0.0283483 0.0313160 0.0104810 0.0348493 0.0251058 0.0220707 0.0313243 0.0132682 0.0148404 0.0131931 0.0104366 0.0249992 0.0280409 0.0249816 0.0281777 0.0191124 0.0281745 0.0281952 0.0251494 0.0134466 0.0219966 0.0220127 0.0236844 0.0220127 0.0249828 0.0106086 0.0455991 
CFBH24153_D_minutus           0.0247104 0.0187356 0.0283129 0.0311467 0.0245173 0.0313051 0.0280436 0.0051314 0.0216694 0.0252509 0.0277572 0.0283107 0.0284672 0.0187486 0.0280436 0.0195913 0.0200160 0.0051314 0.0217443 0.0216089 0.0220244 0.0262586 0.0311233 0.0280450 0.0311233 0.0000000 0.0280436 0.0219555 0.0311218 0.0281242 0.0280450 0.0200981 0.0160437 0.0251554 0.0317735 0.0216744 0.0217443 0.0304778 0.0244993 0.0193997 0.0132996 0.0246750 0.0246750 0.0245635 0.0280245 0.0281064 0.0277887 0.0219107 0.0191569 0.0159545 0.0257460 0.0160089 0.0276265 0.0215934 0.0274894 0.0187486 0.0245353 0.0218467 0.0216244 0.0247843 0.0247843 0.0276526 0.0251433 0.0190040 0.0159974 0.0245675 0.0217465 0.0283129 0.0318934 0.0281256 0.0250163 0.0275298 0.0245313 0.0215945 0.0188397 0.0216213 0.0246413 0.0307251 0.0160190 0.0217219 0.0245353 0.0245534 0.0304668 0.0245534 0.0159246 0.0187486 0.0478444 
CFBH24352_D_rubicundulus      0.0252002 0.0133942 0.0105227 0.0025404 0.0190631 0.0025525 0.0000010 0.0220116 0.0220426 0.0293407 0.0283206 0.0105223 0.0258923 0.0134032 0.0051216 0.0169519 0.0173234 0.0220116 0.0221657 0.0106081 0.0051275 0.0000010 0.0131568 0.0051218 0.0131568 0.0280436 0.0000000 0.0223858 0.0077473 0.0000010 0.0104366 0.0204976 0.0134864 0.0195463 0.0025812 0.0220927 0.0221657 0.0311020 0.0133936 0.0227999 0.0193063 0.0251631 0.0251631 0.0191362 0.0164985 0.0134134 0.0222275 0.0348476 0.0319192 0.0220546 0.0231252 0.0221374 0.0221023 0.0162159 0.0280409 0.0078864 0.0250169 0.0222722 0.0220407 0.0252786 0.0252786 0.0282109 0.0077932 0.0316498 0.0221172 0.0134303 0.0221234 0.0105227 0.0028547 0.0000010 0.0025390 0.0220687 0.0250126 0.0220095 0.0251315 0.0162365 0.0251278 0.0252015 0.0221527 0.0106621 0.0250169 0.0250358 0.0201279 0.0250358 0.0220105 0.0078864 0.0563178 
CFBH26580_D_oliveirai         0.0174041 0.0133447 0.0225962 0.0254381 0.0190282 0.0255692 0.0223858 0.0161576 0.0220026 0.0152257 0.0221608 0.0225947 0.0195098 0.0133535 0.0223858 0.0000010 0.0000010 0.0161576 0.0051714 0.0161664 0.0164695 0.0171217 0.0254198 0.0223868 0.0254198 0.0219555 0.0223858 0.0000000 0.0254185 0.0224502 0.0223868 0.0144037 0.0051863 0.0135322 0.0259399 0.0162147 0.0051714 0.0249030 0.0190148 0.0052672 0.0115069 0.0191457 0.0191457 0.0133523 0.0190989 0.0191535 0.0193940 0.0283929 0.0255304 0.0161876 0.0139810 0.0105311 0.0162223 0.0161553 0.0219534 0.0133535 0.0190417 0.0163399 0.0161775 0.0133459 0.0133459 0.0204019 0.0195011 0.0253190 0.0162326 0.0190680 0.0160936 0.0225962 0.0218037 0.0224513 0.0194068 0.0203141 0.0190393 0.0161561 0.0132788 0.0105754 0.0173539 0.0235137 0.0143869 0.0162502 0.0190417 0.0190552 0.0216518 0.0190552 0.0161568 0.0133535 0.0379065 
CFBH27070_D_cruzi             0.0282545 0.0162159 0.0132676 0.0104237 0.0219795 0.0104742 0.0077473 0.0249828 0.0220426 0.0329441 0.0314380 0.0078236 0.0290389 0.0162271 0.0025389 0.0199635 0.0204054 0.0249828 0.0251630 0.0133776 0.0077564 0.0081156 0.0159225 0.0077476 0.0159225 0.0311218 0.0077473 0.0254185 0.0000000 0.0077679 0.0131568 0.0235841 0.0163309 0.0225506 0.0106008 0.0250766 0.0251630 0.0342295 0.0220074 0.0258889 0.0222661 0.0282128 0.0282128 0.0220654 0.0194274 0.0162394 0.0192727 0.0381010 0.0351474 0.0250328 0.0200457 0.0251303 0.0191672 0.0190868 0.0311187 0.0106081 0.0280448 0.0252853 0.0250169 0.0283469 0.0283469 0.0313145 0.0104805 0.0348476 0.0251046 0.0220697 0.0251143 0.0132676 0.0117512 0.0077683 0.0051216 0.0311670 0.0280395 0.0133942 0.0281763 0.0191115 0.0281731 0.0345180 0.0251482 0.0134460 0.0280448 0.0280667 0.0312034 0.0280667 0.0249816 0.0106081 0.0600098 
CFBH6287_D_elianeae           0.0252716 0.0134313 0.0105513 0.0025471 0.0191165 0.0025592 0.0000010 0.0220738 0.0221051 0.0294390 0.0284030 0.0105509 0.0259689 0.0134402 0.0051341 0.0170013 0.0173750 0.0220738 0.0222289 0.0106372 0.0051401 0.0000010 0.0131925 0.0051344 0.0131925 0.0281242 0.0000010 0.0224502 0.0077679 0.0000000 0.0104647 0.0205582 0.0135239 0.0196026 0.0025882 0.0221554 0.0222289 0.0311919 0.0134306 0.0228667 0.0193617 0.0252354 0.0252354 0.0191901 0.0165453 0.0134504 0.0222911 0.0349511 0.0320142 0.0221171 0.0231939 0.0222004 0.0221651 0.0162611 0.0281214 0.0079078 0.0250883 0.0223360 0.0221031 0.0253516 0.0253516 0.0282927 0.0078141 0.0317422 0.0221800 0.0134674 0.0221863 0.0105513 0.0028633 0.0000010 0.0025458 0.0221313 0.0250841 0.0220717 0.0252036 0.0162818 0.0251999 0.0252740 0.0222158 0.0106915 0.0250883 0.0251074 0.0201974 0.0251074 0.0220728 0.0079078 0.0564965 
CFBH7053_D_werneri            0.0252014 0.0133949 0.0105232 0.0131654 0.0249992 0.0132294 0.0104366 0.0220126 0.0281063 0.0329771 0.0222027 0.0105228 0.0227723 0.0078867 0.0104366 0.0199794 0.0204221 0.0220126 0.0221668 0.0106086 0.0051277 0.0081212 0.0025392 0.0104371 0.0025392 0.0280450 0.0104366 0.0223868 0.0131568 0.0104647 0.0000000 0.0204986 0.0134870 0.0195473 0.0133942 0.0162454 0.0221668 0.0311035 0.0190877 0.0259106 0.0193073 0.0191819 0.0191819 0.0191372 0.0224577 0.0191551 0.0222286 0.0348493 0.0319208 0.0220557 0.0231264 0.0221385 0.0221034 0.0162167 0.0280423 0.0078867 0.0190775 0.0222733 0.0162081 0.0252798 0.0252798 0.0282123 0.0077935 0.0316514 0.0221183 0.0191411 0.0282192 0.0105232 0.0117602 0.0104652 0.0077615 0.0220256 0.0250139 0.0220105 0.0251327 0.0162373 0.0251291 0.0251508 0.0221537 0.0106626 0.0190775 0.0190911 0.0200805 0.0190911 0.0220116 0.0078867 0.0491126 
CFBH9376_D_nahdereri          0.0172447 0.0112763 0.0206937 0.0236024 0.0171101 0.0237269 0.0204976 0.0141706 0.0201422 0.0236297 0.0202886 0.0206923 0.0208215 0.0112840 0.0204976 0.0118068 0.0120720 0.0141706 0.0142655 0.0141784 0.0144509 0.0183522 0.0235853 0.0204986 0.0235853 0.0200981 0.0204976 0.0144037 0.0235841 0.0205582 0.0204986 0.0000000 0.0084819 0.0175515 0.0240738 0.0142220 0.0142655 0.0230998 0.0133853 0.0177315 0.0114039 0.0134722 0.0134722 0.0171430 0.0204825 0.0205440 0.0163914 0.0266099 0.0236901 0.0141975 0.0140538 0.0142476 0.0163042 0.0141685 0.0200962 0.0112840 0.0171224 0.0143344 0.0141883 0.0172920 0.0172920 0.0202118 0.0134103 0.0234898 0.0142386 0.0134219 0.0202156 0.0206937 0.0233915 0.0205592 0.0174578 0.0201249 0.0171204 0.0141692 0.0171968 0.0141869 0.0171943 0.0232891 0.0142569 0.0142546 0.0171224 0.0171347 0.0214014 0.0171347 0.0141699 0.0112840 0.0472609 
CFBHT2208_D_ruschii           0.0133422 0.0078068 0.0136034 0.0163422 0.0132458 0.0164243 0.0134864 0.0105004 0.0160777 0.0120763 0.0161856 0.0136036 0.0165882 0.0078116 0.0134864 0.0026423 0.0026964 0.0105004 0.0051425 0.0078068 0.0079428 0.0112056 0.0163317 0.0134870 0.0163317 0.0160437 0.0134864 0.0051863 0.0163309 0.0135239 0.0134870 0.0084819 0.0000000 0.0052249 0.0166407 0.0105358 0.0051425 0.0188695 0.0132371 0.0079925 0.0078886 0.0133219 0.0133219 0.0132697 0.0132934 0.0133305 0.0133753 0.0221026 0.0193212 0.0105189 0.0138576 0.0051368 0.0133073 0.0104990 0.0160423 0.0051600 0.0132546 0.0106128 0.0105124 0.0078074 0.0078074 0.0161280 0.0107395 0.0191660 0.0105474 0.0132734 0.0104616 0.0136034 0.0152652 0.0135245 0.0106928 0.0142138 0.0132534 0.0104995 0.0077708 0.0105117 0.0133055 0.0172569 0.0105589 0.0078457 0.0132546 0.0132633 0.0140508 0.0132633 0.0104999 0.0051600 0.0344825 
CFBHT2197_D_decipiens         0.0223185 0.0162982 0.0197276 0.0225676 0.0221428 0.0226838 0.0195463 0.0191895 0.0252105 0.0152158 0.0253999 0.0197263 0.0260633 0.0163095 0.0195463 0.0110376 0.0112724 0.0191895 0.0134084 0.0134432 0.0136918 0.0174217 0.0225517 0.0195473 0.0225517 0.0251554 0.0195463 0.0135322 0.0225506 0.0196026 0.0195473 0.0175515 0.0052249 0.0000000 0.0230069 0.0192593 0.0134084 0.0281856 0.0221265 0.0166987 0.0164828 0.0222855 0.0222855 0.0221852 0.0222271 0.0222919 0.0193748 0.0318415 0.0289189 0.0192264 0.0201569 0.0133923 0.0192681 0.0191868 0.0251529 0.0106585 0.0221591 0.0194132 0.0192142 0.0162998 0.0162998 0.0253027 0.0166756 0.0286745 0.0192808 0.0221895 0.0191103 0.0197276 0.0152158 0.0196036 0.0165968 0.0235955 0.0221558 0.0191877 0.0162144 0.0192117 0.0222549 0.0269010 0.0193095 0.0135122 0.0221591 0.0221755 0.0218889 0.0221755 0.0191886 0.0106585 0.0452509 
CHUNB34455_D_cachimbo         0.0288394 0.0165210 0.0135093 0.0052107 0.0224106 0.0052367 0.0025812 0.0254844 0.0255210 0.0337589 0.0321057 0.0135086 0.0296598 0.0165327 0.0078812 0.0203671 0.0208281 0.0254844 0.0256728 0.0136236 0.0078906 0.0027042 0.0162158 0.0078815 0.0162158 0.0317735 0.0025812 0.0259399 0.0106008 0.0025882 0.0133942 0.0240738 0.0166407 0.0230069 0.0000000 0.0255823 0.0256728 0.0349621 0.0165202 0.0264309 0.0227095 0.0287976 0.0287976 0.0225001 0.0198089 0.0165459 0.0257463 0.0389548 0.0359254 0.0255366 0.0268170 0.0256387 0.0255931 0.0194537 0.0317702 0.0107991 0.0286204 0.0258004 0.0255201 0.0289380 0.0289380 0.0319762 0.0106667 0.0356109 0.0256111 0.0165671 0.0256220 0.0135093 0.0058757 0.0025883 0.0052078 0.0255539 0.0286147 0.0254819 0.0287594 0.0194794 0.0287550 0.0288393 0.0256574 0.0136944 0.0286204 0.0286433 0.0201279 0.0286433 0.0254831 0.0107991 0.0615886 
DZUFRJ10507_D_seniculus       0.0132903 0.0131868 0.0222970 0.0250956 0.0131949 0.0252232 0.0220927 0.0159615 0.0160131 0.0253215 0.0051701 0.0222955 0.0052943 0.0077696 0.0220927 0.0137768 0.0140705 0.0159615 0.0160649 0.0159701 0.0162653 0.0200982 0.0191219 0.0220937 0.0191219 0.0216744 0.0220927 0.0162147 0.0250766 0.0221554 0.0162454 0.0142220 0.0105358 0.0192593 0.0255823 0.0000000 0.0160649 0.0245772 0.0187781 0.0194463 0.0133296 0.0132459 0.0132459 0.0188258 0.0220761 0.0221404 0.0218992 0.0280033 0.0251853 0.0159908 0.0197185 0.0160455 0.0217780 0.0159593 0.0159792 0.0131955 0.0025432 0.0161390 0.0000010 0.0189849 0.0189849 0.0160634 0.0192510 0.0249798 0.0160339 0.0160023 0.0217982 0.0222970 0.0250791 0.0221564 0.0191594 0.0051349 0.0132024 0.0159601 0.0188835 0.0159792 0.0132541 0.0078123 0.0160557 0.0160510 0.0025432 0.0025446 0.0062760 0.0025446 0.0159608 0.0131955 0.0412191 
FSFL1467_D_haddadi            0.0172350 0.0132244 0.0223716 0.0251822 0.0188493 0.0253104 0.0221657 0.0160089 0.0217908 0.0152257 0.0219455 0.0223701 0.0225012 0.0132331 0.0221657 0.0026351 0.0026889 0.0160089 0.0000010 0.0160176 0.0163147 0.0201658 0.0251642 0.0221668 0.0251642 0.0217443 0.0221657 0.0051714 0.0251630 0.0222289 0.0221668 0.0142655 0.0051425 0.0134084 0.0256728 0.0160649 0.0000000 0.0246595 0.0188361 0.0079699 0.0113977 0.0189643 0.0189643 0.0132320 0.0189184 0.0189723 0.0192076 0.0281032 0.0252726 0.0160384 0.0138487 0.0104387 0.0160724 0.0160067 0.0217423 0.0132331 0.0188625 0.0161876 0.0160284 0.0132257 0.0132257 0.0202001 0.0193125 0.0250655 0.0160816 0.0188884 0.0159462 0.0223716 0.0218037 0.0222299 0.0192202 0.0201133 0.0188601 0.0160074 0.0131599 0.0104821 0.0171846 0.0232753 0.0142490 0.0160989 0.0188625 0.0188757 0.0213860 0.0188757 0.0160082 0.0132331 0.0409200 
H-12939_D_miyatai             0.0160406 0.0159134 0.0314075 0.0342577 0.0159234 0.0251438 0.0311020 0.0244876 0.0187879 0.0357439 0.0307790 0.0314049 0.0315719 0.0215955 0.0311020 0.0225766 0.0230706 0.0244876 0.0246595 0.0245021 0.0249816 0.0294265 0.0342313 0.0311035 0.0342313 0.0304778 0.0311020 0.0249030 0.0342295 0.0311919 0.0311035 0.0230998 0.0188695 0.0281856 0.0349621 0.0245772 0.0246595 0.0000000 0.0274345 0.0284447 0.0218277 0.0276370 0.0276370 0.0275076 0.0310816 0.0311720 0.0308136 0.0372611 0.0343815 0.0245353 0.0288423 0.0246283 0.0306288 0.0244841 0.0187469 0.0215955 0.0274760 0.0247757 0.0245201 0.0277645 0.0277645 0.0188484 0.0281724 0.0340954 0.0246038 0.0275114 0.0306690 0.0314075 0.0354060 0.0311934 0.0280258 0.0305208 0.0159324 0.0244852 0.0276023 0.0245161 0.0159968 0.0337826 0.0246453 0.0246306 0.0274760 0.0274968 0.0341772 0.0274968 0.0244864 0.0215955 0.0584744 
JAC22080_D_sartori            0.0217447 0.0104234 0.0135093 0.0162264 0.0215780 0.0163073 0.0133936 0.0187119 0.0245511 0.0286443 0.0247293 0.0192577 0.0253558 0.0104300 0.0190868 0.0166188 0.0169751 0.0187119 0.0188361 0.0131483 0.0133853 0.0111263 0.0220084 0.0190877 0.0220084 0.0244993 0.0133936 0.0190148 0.0220074 0.0134306 0.0190877 0.0133853 0.0132371 0.0221265 0.0165202 0.0187781 0.0188361 0.0274345 0.0000000 0.0223362 0.0160761 0.0160053 0.0160053 0.0104480 0.0190725 0.0191264 0.0189239 0.0248819 0.0281232 0.0187469 0.0166867 0.0188131 0.0188226 0.0077516 0.0244969 0.0104300 0.0215935 0.0189237 0.0187353 0.0218068 0.0218068 0.0246378 0.0135086 0.0278931 0.0159761 0.0000029 0.0246430 0.0135093 0.0151448 0.0134313 0.0162159 0.0187582 0.0215904 0.0187102 0.0216870 0.0077607 0.0216839 0.0217474 0.0188253 0.0077947 0.0215935 0.0216089 0.0196539 0.0216089 0.0131409 0.0104300 0.0513352 
JF2320_D_decipiens            0.0208392 0.0164585 0.0261638 0.0259093 0.0193724 0.0260447 0.0227999 0.0135957 0.0224023 0.0089467 0.0195408 0.0261618 0.0194850 0.0164700 0.0227999 0.0053193 0.0054291 0.0135957 0.0079699 0.0193864 0.0197654 0.0232835 0.0290595 0.0228010 0.0290595 0.0193997 0.0227999 0.0052672 0.0258889 0.0228667 0.0259106 0.0177315 0.0079925 0.0166987 0.0264309 0.0194463 0.0079699 0.0284447 0.0223362 0.0000000 0.0147508 0.0224985 0.0224985 0.0164682 0.0165082 0.0195025 0.0228014 0.0321317 0.0289414 0.0194128 0.0172661 0.0135254 0.0194553 0.0193724 0.0253884 0.0164700 0.0223695 0.0196032 0.0194004 0.0164602 0.0164602 0.0239367 0.0229343 0.0289414 0.0194684 0.0224012 0.0052642 0.0261638 0.0286395 0.0227999 0.0197654 0.0238270 0.0223661 0.0193733 0.0163731 0.0135852 0.0207771 0.0270090 0.0177101 0.0194900 0.0223695 0.0164603 0.0260720 0.0164603 0.0193742 0.0164700 0.0421867 
JMsn_D_xapuriensis            0.0105111 0.0105344 0.0194833 0.0222828 0.0160871 0.0223964 0.0193063 0.0078336 0.0189863 0.0221319 0.0191178 0.0194821 0.0196002 0.0105411 0.0193063 0.0088494 0.0090482 0.0078336 0.0113977 0.0132908 0.0135330 0.0172030 0.0222672 0.0193073 0.0222672 0.0132996 0.0193063 0.0115069 0.0222661 0.0193617 0.0193073 0.0114039 0.0078886 0.0164828 0.0227095 0.0133296 0.0113977 0.0218277 0.0160761 0.0147508 0.0000000 0.0161837 0.0161837 0.0142632 0.0162972 0.0163443 0.0160237 0.0251799 0.0223628 0.0078471 0.0149683 0.0133521 0.0172766 0.0132820 0.0189445 0.0105411 0.0160980 0.0134295 0.0132996 0.0162500 0.0162500 0.0132314 0.0164759 0.0221806 0.0078683 0.0161211 0.0190516 0.0194833 0.0219167 0.0193626 0.0163993 0.0189702 0.0160963 0.0132826 0.0161654 0.0113367 0.0104829 0.0219999 0.0025561 0.0133589 0.0160980 0.0161100 0.0199272 0.0161100 0.0132833 0.0105411 0.0450942 
KU215189_D_timbeba            0.0218975 0.0160061 0.0254021 0.0282350 0.0217284 0.0283803 0.0251631 0.0188383 0.0247276 0.0288925 0.0189943 0.0254003 0.0194704 0.0104755 0.0251631 0.0167332 0.0170948 0.0188383 0.0189643 0.0188488 0.0192060 0.0232652 0.0221208 0.0251643 0.0221208 0.0246750 0.0251631 0.0191457 0.0282128 0.0252354 0.0191819 0.0134722 0.0133219 0.0222855 0.0287976 0.0132459 0.0189643 0.0276370 0.0160053 0.0224985 0.0161837 0.0000000 0.0000010 0.0217692 0.0251455 0.0252189 0.0190534 0.0282217 0.0253796 0.0188737 0.0168021 0.0189409 0.0189506 0.0188356 0.0246726 0.0160169 0.0159969 0.0190532 0.0132162 0.0219607 0.0219607 0.0248149 0.0193923 0.0251708 0.0189262 0.0160485 0.0248203 0.0254021 0.0286148 0.0252366 0.0221654 0.0188488 0.0217410 0.0188365 0.0218391 0.0188596 0.0218360 0.0218568 0.0189534 0.0189467 0.0159969 0.0160078 0.0197710 0.0160078 0.0188374 0.0160169 0.0518279 
KU215190_D_timbeba            0.0218975 0.0160061 0.0254021 0.0282350 0.0217284 0.0283803 0.0251631 0.0188383 0.0247276 0.0288925 0.0189943 0.0254003 0.0194704 0.0104755 0.0251631 0.0167332 0.0170948 0.0188383 0.0189643 0.0188488 0.0192060 0.0232652 0.0221208 0.0251643 0.0221208 0.0246750 0.0251631 0.0191457 0.0282128 0.0252354 0.0191819 0.0134722 0.0133219 0.0222855 0.0287976 0.0132459 0.0189643 0.0276370 0.0160053 0.0224985 0.0161837 0.0000010 0.0000000 0.0217692 0.0251455 0.0252189 0.0190534 0.0282217 0.0253796 0.0188737 0.0168021 0.0189409 0.0189506 0.0188356 0.0246726 0.0160169 0.0159969 0.0190532 0.0132162 0.0219607 0.0219607 0.0248149 0.0193923 0.0251708 0.0189262 0.0160485 0.0248203 0.0254021 0.0286148 0.0252366 0.0221654 0.0188488 0.0217410 0.0188365 0.0218391 0.0188596 0.0218360 0.0218568 0.0189534 0.0189467 0.0159969 0.0160078 0.0197710 0.0160078 0.0188374 0.0160169 0.0518279 
KU215258_D_leali              0.0201407 0.0104484 0.0135434 0.0220816 0.0216338 0.0221931 0.0191362 0.0187593 0.0246156 0.0287333 0.0247940 0.0193080 0.0254249 0.0104551 0.0191362 0.0108895 0.0111187 0.0187593 0.0132320 0.0131804 0.0134187 0.0170462 0.0220665 0.0191372 0.0220665 0.0245635 0.0191362 0.0133523 0.0220654 0.0191901 0.0191372 0.0171430 0.0132697 0.0221852 0.0225001 0.0188258 0.0132320 0.0275076 0.0104480 0.0164682 0.0142632 0.0217692 0.0217692 0.0000000 0.0191219 0.0191767 0.0220517 0.0249485 0.0281995 0.0187945 0.0166974 0.0188610 0.0188343 0.0077699 0.0245612 0.0104551 0.0216493 0.0189722 0.0187828 0.0218637 0.0218637 0.0231279 0.0163324 0.0279689 0.0160159 0.0104761 0.0247081 0.0135434 0.0216943 0.0191910 0.0162572 0.0245963 0.0216462 0.0187576 0.0217433 0.0025448 0.0200826 0.0277282 0.0171230 0.0078132 0.0216493 0.0216648 0.0268420 0.0216648 0.0131730 0.0104551 0.0514951 
