25
AY819499                                   0.0000000 0.5132693 0.4786867 0.4760892 0.4944156 0.4650816 0.4820023 0.5125992 0.5125992 0.4845314 0.4537692 0.4621455 0.0176263 0.0188450 0.0188427 0.0176263 0.0279147 0.0279147 0.0291937 0.0291937 0.4539198 0.4867466 0.3842433 0.5746231 0.4491847 
AY819503                                   0.5132693 0.0000000 0.3671764 0.4560448 0.3235802 0.2765640 0.2870737 0.4934481 0.4934481 0.4900443 0.4970548 0.5215669 0.5301296 0.5336085 0.5335431 0.5301296 0.5427408 0.5427408 0.5393472 0.5393472 0.5279525 0.6455237 0.5023156 0.5883879 0.5746274 
AY819505                                   0.4786867 0.3671764 0.0000000 0.4262229 0.3410947 0.3497582 0.3790983 0.4539059 0.4539059 0.5179573 0.5267926 0.5058334 0.5063203 0.5097557 0.5096754 0.5063203 0.5084220 0.5084220 0.5051978 0.5051978 0.5359548 0.6008221 0.4957732 0.5991598 0.6323162 
AY819549                                   0.4760892 0.4560448 0.4262229 0.0000000 0.4721651 0.4300457 0.4393133 0.5128034 0.5128034 0.5930002 0.5852665 0.5498349 0.4825318 0.4859871 0.4858924 0.4825318 0.4868412 0.4868412 0.4901861 0.4901861 0.5142559 0.6437939 0.4616114 0.6551286 0.6064537 
AY819550                                   0.4944156 0.3235802 0.3410947 0.4721651 0.0000000 0.3012703 0.3425899 0.5011058 0.5011058 0.4800021 0.4969360 0.4826136 0.5020061 0.5054171 0.5053348 0.5020061 0.5331978 0.5331978 0.5298959 0.5298959 0.5005656 0.5941130 0.4424866 0.8144113 0.6803098 
AY819551                                   0.4650816 0.2765640 0.3497582 0.4300457 0.3012703 0.0000000 0.1022059 0.4419231 0.4419231 0.4937784 0.5167431 0.5074091 0.4883000 0.4916925 0.4916027 0.4883000 0.5252861 0.5252861 0.5220033 0.5220033 0.4567318 0.5110407 0.4185183 0.5812711 0.6007243 
AY819552                                   0.4820023 0.2870737 0.3790983 0.4393133 0.3425899 0.1022059 0.0000000 0.4171499 0.4171499 0.4855592 0.4981697 0.4679948 0.4857528 0.4891640 0.4825375 0.4857528 0.5161453 0.5161453 0.5128396 0.5128396 0.4874516 0.5419970 0.4590214 0.6962192 0.6411663 
CORBIDI5217_D_                             0.5125992 0.4934481 0.4539059 0.5128034 0.5011058 0.4419231 0.4171499 0.0000000 0.0000010 0.3425537 0.3429651 0.3094401 0.4886237 0.4954038 0.4889031 0.4953382 0.4926889 0.4933899 0.5009772 0.4940785 0.3291665 0.4529765 0.4818037 0.5943493 0.4557763 
CORBIDI5235_D_                             0.5125992 0.4934481 0.4539059 0.5128034 0.5011058 0.4419231 0.4171499 0.0000010 0.0000000 0.3425537 0.3429651 0.3094401 0.4886237 0.4954038 0.4889031 0.4953382 0.4926889 0.4933899 0.5009772 0.4940785 0.3291665 0.4529765 0.4818037 0.5943493 0.4557763 
CORBIDI6235_D_                             0.4845314 0.4900443 0.5179573 0.5930002 0.4800021 0.4937784 0.4855592 0.3425537 0.3425537 0.0000000 0.0937525 0.0596413 0.4976935 0.4992047 0.5000691 0.4991428 0.4848229 0.4804942 0.4899234 0.4832983 0.1250489 0.4983709 0.4684333 0.5725898 0.5535806 
CORBIDI8150_D_                             0.4537692 0.4970548 0.5267926 0.5852665 0.4969360 0.5167431 0.4981697 0.3429651 0.3429651 0.0937525 0.0000000 0.0846297 0.4778610 0.4819889 0.4802975 0.4819180 0.4749812 0.4732965 0.4780641 0.4713289 0.1269573 0.4822807 0.5034010 0.6929613 0.5621192 
CORBIDI8861_D_                             0.4621455 0.5215669 0.5058334 0.5498349 0.4826136 0.5074091 0.4679948 0.3094401 0.3094401 0.0596413 0.0846297 0.0000000 0.4380629 0.4417630 0.4404278 0.4416801 0.4438664 0.4422428 0.4420449 0.4356534 0.1170577 0.4288955 0.4717202 0.5948347 0.5083892 
FJ542147                                   0.0176263 0.5301296 0.5063203 0.4825318 0.5020061 0.4883000 0.4857528 0.4886237 0.4886237 0.4976935 0.4778610 0.4380629 0.0000000 0.0008742 0.0008705 0.0008741 0.0261076 0.0259934 0.0289945 0.0281254 0.4702124 0.3983208 0.3766047 0.5715698 0.4035022 
FJ542148                                   0.0188450 0.5336085 0.5097557 0.4859871 0.5054171 0.4916925 0.4891640 0.4954038 0.4954038 0.4992047 0.4819889 0.4417630 0.0008742 0.0000000 0.0017512 0.0017512 0.0271882 0.0269705 0.0279087 0.0269561 0.4742066 0.4029921 0.3795775 0.5800881 0.4068211 
FJ542149                                   0.0188427 0.5335431 0.5096754 0.4858924 0.5053348 0.4916027 0.4825375 0.4889031 0.4889031 0.5000691 0.4802975 0.4404278 0.0008705 0.0017512 0.0000000 0.0017511 0.0270862 0.0269677 0.0299810 0.0291127 0.4726053 0.3983208 0.3789022 0.5800136 0.4011671 
FJ542150                                   0.0176263 0.5301296 0.5063203 0.4825318 0.5020061 0.4883000 0.4857528 0.4953382 0.4953382 0.4991428 0.4819180 0.4416801 0.0008741 0.0017512 0.0017511 0.0000000 0.0271854 0.0269677 0.0279058 0.0269533 0.4741339 0.4062734 0.3794836 0.5715698 0.4067275 
FJ542151                                   0.0279147 0.5427408 0.5084220 0.4868412 0.5331978 0.5252861 0.5161453 0.4926889 0.4926889 0.4848229 0.4749812 0.4438664 0.0261076 0.0271882 0.0270862 0.0271854 0.0000000 0.0008867 0.0044587 0.0053828 0.4748486 0.3989629 0.3744812 0.5914194 0.4052259 
FJ542152                                   0.0279147 0.5427408 0.5084220 0.4868412 0.5331978 0.5252861 0.5161453 0.4933899 0.4933899 0.4804942 0.4732965 0.4422428 0.0259934 0.0269705 0.0269677 0.0269677 0.0008867 0.0000000 0.0035320 0.0035249 0.4732191 0.3967893 0.3762979 0.5914194 0.4008774 
FJ542153                                   0.0291937 0.5393472 0.5051978 0.4901861 0.5298959 0.5220033 0.5128396 0.5009772 0.5009772 0.4899234 0.4780641 0.4420449 0.0289945 0.0279087 0.0299810 0.0279058 0.0044587 0.0035320 0.0000000 0.0026462 0.4778301 0.4122819 0.3895935 0.5830993 0.4127847 
FJ542197                                   0.0291937 0.5393472 0.5051978 0.4901861 0.5298959 0.5220033 0.5128396 0.4940785 0.4940785 0.4832983 0.4713289 0.4356534 0.0281254 0.0269561 0.0291127 0.0269533 0.0053828 0.0035249 0.0026462 0.0000000 0.4713161 0.4037679 0.3888777 0.5830993 0.4063766 
QCAZ32555                                  0.4539198 0.5279525 0.5359548 0.5142559 0.5005656 0.4567318 0.4874516 0.3291665 0.3291665 0.1250489 0.1269573 0.1170577 0.4702124 0.4742066 0.4726053 0.4741339 0.4748486 0.4732191 0.4778301 0.4713161 0.0000000 0.4661551 0.4782554 0.5850198 0.5760398 
QCAZ75534                                  0.4867466 0.6455237 0.6008221 0.6437939 0.5941130 0.5110407 0.5419970 0.4529765 0.4529765 0.4983709 0.4822807 0.4288955 0.3983208 0.4029921 0.3983208 0.4062734 0.3989629 0.3967893 0.4122819 0.4037679 0.4661551 0.0000000 0.1025637 1.5446606 0.3593403 
QCAZ40847_ebraccatus_Playon_deSanFrancisco 0.3842433 0.5023156 0.4957732 0.4616114 0.4424866 0.4185183 0.4590214 0.4818037 0.4818037 0.4684333 0.5034010 0.4717202 0.3766047 0.3795775 0.3789022 0.3794836 0.3744812 0.3762979 0.3895935 0.3888777 0.4782554 0.1025637 0.0000000 0.5585497 0.3670511 
CORBIDI9614                                0.5746231 0.5883879 0.5991598 0.6551286 0.8144113 0.5812711 0.6962192 0.5943493 0.5943493 0.5725898 0.6929613 0.5948347 0.5715698 0.5800881 0.5800136 0.5715698 0.5914194 0.5914194 0.5830993 0.5830993 0.5850198 1.5446606 0.5585497 0.0000000 0.7176669 
SMF88389                                   0.4491847 0.5746274 0.6323162 0.6064537 0.6803098 0.6007243 0.6411663 0.4557763 0.4557763 0.5535806 0.5621192 0.5083892 0.4035022 0.4068211 0.4011671 0.4067275 0.4052259 0.4008774 0.4127847 0.4063766 0.5760398 0.3593403 0.3670511 0.7176669 0.0000000 
