17
AY843739_Pseudis_minuta_              0.0000000 0.2665864 0.0323715 0.3163727 0.3079039 0.3120409 0.3079039 0.3087603 0.3087603 0.2881511 0.1495131 0.1495131 0.1544313 0.1512943 0.1359413 0.1344473 0.1473537 
JZ732_Xenohyla_eugenioi_voucher_      0.2665864 0.0000000 0.0314090 0.1583876 0.1577742 0.1608215 0.1577742 0.1558269 0.1558269 0.1454180 0.0812010 0.0812010 0.0835575 0.0820298 0.0715367 0.0708592 0.0801588 
AY819367_D_ebraccatus_UTA_51789_NIC   0.0323715 0.0314090 0.0000000 0.0101056 0.0101056 0.0101056 0.0101056 0.0101056 0.0101056 0.0099493 0.0000010 0.0000010 0.0000010 0.0000010 0.0000010 0.0000010 0.0000010 
RDS790_D_ebraccatus_BELZ              0.3163727 0.1583876 0.0101056 0.0000000 0.0056254 0.0075262 0.0056254 0.0094017 0.0094017 0.0254021 0.0967065 0.0967065 0.0997172 0.0977731 0.0966165 0.0955806 0.0953775 
FJ542147_D_ebraccatus_Manz_CR         0.3079039 0.1577742 0.0101056 0.0056254 0.0000000 0.0018467 0.0000010 0.0113542 0.0113542 0.0253909 0.0967065 0.0967065 0.0997172 0.0977731 0.0966165 0.0955806 0.0953775 
FJ542148_D_ebraccatus_Cahu_CR         0.3120409 0.1608215 0.0101056 0.0075262 0.0018467 0.0000000 0.0018467 0.0132913 0.0132913 0.0274355 0.0967065 0.0967065 0.0997172 0.0977731 0.0966165 0.0955806 0.0953775 
FJ542149_D_ebraccatus_Manz_CR         0.3079039 0.1577742 0.0101056 0.0056254 0.0000010 0.0018467 0.0000000 0.0113542 0.0113542 0.0253909 0.0967065 0.0967065 0.0997172 0.0977731 0.0966165 0.0955806 0.0953775 
FJ542151_D_ebraccatus_Rinc_CR         0.3087603 0.1558269 0.0101056 0.0094017 0.0113542 0.0132913 0.0113542 0.0000000 0.0000010 0.0315438 0.0967065 0.0967065 0.0997172 0.0977731 0.0966165 0.0955806 0.0953775 
FJ542152_D_ebraccatus_Rinc_CR         0.3087603 0.1558269 0.0101056 0.0094017 0.0113542 0.0132913 0.0113542 0.0000010 0.0000000 0.0315438 0.0967065 0.0967065 0.0997172 0.0977731 0.0966165 0.0955806 0.0953775 
MHUA4063_D_ebraccatus_voucher_Mac_COL 0.2881511 0.1454180 0.0099493 0.0254021 0.0253909 0.0274355 0.0253909 0.0315438 0.0315438 0.0000000 0.0744225 0.0744225 0.0765754 0.0751768 0.0810327 0.0802270 0.0734707 
QCAZA15519_D_ebraccatus_SanLorenzo    0.1495131 0.0812010 0.0000010 0.0967065 0.0967065 0.0967065 0.0967065 0.0967065 0.0967065 0.0744225 0.0000000 0.0000010 0.0000010 0.0000010 0.0304200 0.0304200 0.0000010 
QCAZA27207_D_ebraccatus_PtoQuito      0.1495131 0.0812010 0.0000010 0.0967065 0.0967065 0.0967065 0.0967065 0.0967065 0.0967065 0.0744225 0.0000010 0.0000000 0.0000010 0.0000010 0.0304200 0.0304200 0.0000010 
QCAZA55530_D_ebraccatus_Durango       0.1544313 0.0835575 0.0000010 0.0997172 0.0997172 0.0997172 0.0997172 0.0997172 0.0997172 0.0765754 0.0000010 0.0000010 0.0000000 0.0000010 0.0311855 0.0311855 0.0000010 
QCAZA66631_D_ebraccatus_20kmDurango   0.1512943 0.0820298 0.0000010 0.0977731 0.0977731 0.0977731 0.0977731 0.0977731 0.0977731 0.0751768 0.0000010 0.0000010 0.0000010 0.0000000 0.0306805 0.0306805 0.0000010 
QCAZA75534_D_gryllatus_               0.1359413 0.0715367 0.0000010 0.0966165 0.0966165 0.0966165 0.0966165 0.0966165 0.0966165 0.0810327 0.0304200 0.0304200 0.0311855 0.0306805 0.0000000 0.0000010 0.0300820 
QCAZA75540_D_gryllatus_LosRios        0.1344473 0.0708592 0.0000010 0.0955806 0.0955806 0.0955806 0.0955806 0.0955806 0.0955806 0.0802270 0.0304200 0.0304200 0.0311855 0.0306805 0.0000010 0.0000000 0.0300820 
QCAZA78257_D_ebraccatus_Milpe1_       0.1473537 0.0801588 0.0000010 0.0953775 0.0953775 0.0953775 0.0953775 0.0953775 0.0953775 0.0734707 0.0000010 0.0000010 0.0000010 0.0000010 0.0300820 0.0300820 0.0000000 
