116
ADN47584                 0.0000000 0.4276069 0.2896683 0.2603063 0.4326778 0.3367044 0.3121580 0.3542599 0.3646044 0.4377304 0.4418680 0.4789579 0.2931313 0.5962794 0.2387920 0.3131385 0.5150403 0.4773082 0.3471223 0.4769887 0.3311465 0.2848906 0.3137711 0.2558069 0.4197637 0.2953359 0.2845842 0.2928025 0.2868657 0.4339550 0.3547892 0.2861078 0.2524012 0.5010242 0.2894764 0.2603063 0.2603063 0.2621351 0.2665345 0.3527403 0.5173332 0.2837463 0.3808623 0.3808623 0.3682187 0.5654697 0.2915090 0.5029180 0.4787143 0.5032034 0.3165886 0.5849828 0.4125451 0.3025969 0.4130581 0.4289103 0.2760948 0.2191607 0.4115479 0.4337149 0.4537816 0.4458753 0.5228233 0.3944735 0.4543188 0.4210741 0.4015464 0.2467506 0.2467506 0.6988565 0.6570333 0.3535650 0.6671318 0.4156388 0.4652114 0.6888738 0.7051514 0.2976886 0.4822957 0.4732130 0.4933904 0.4933904 0.2602232 0.2602232 0.4539840 0.5064036 0.3961865 0.4861201 0.4567964 0.2896683 0.4276376 0.3419713 0.2690565 0.3350892 0.2839373 0.2994240 0.3791218 0.5347028 0.3791630 0.5184149 0.3629463 0.4562555 0.4045806 0.4237129 0.4284511 0.2557931 0.5177618 0.5177618 0.6073664 0.4809891 0.3565101 0.4819593 0.4587542 0.2648950 0.2445444 0.5582562 
CFBH5797                 0.4276069 0.0000000 0.3442696 0.4685493 0.0389143 0.4094766 0.3845135 0.4356492 0.4864375 0.4501882 0.6312087 0.5994692 0.4046235 0.6527710 0.4489786 0.4154781 0.4640787 0.5764588 0.3912351 0.5260466 0.4818873 0.3180422 0.3954587 0.4791291 0.6091464 0.4847953 0.4526957 0.4801584 0.4571693 0.0119281 0.5891270 0.5378686 0.4991557 0.6251082 0.3937020 0.4685493 0.4685493 0.4596878 0.5677468 0.4050058 0.5670340 0.3960954 0.4971520 0.4971520 0.4433182 0.4603726 0.4069199 0.6518799 0.5385601 0.6497648 0.3353314 0.5191423 0.5769545 0.3521060 0.4835520 0.4978026 0.4146736 0.3927201 0.5714656 0.7208750 0.6190467 0.5797131 0.6697144 0.5414776 0.7042819 0.6145272 0.5135563 0.3382598 0.3382598 0.6252174 0.6639109 0.4516846 0.7341263 0.4759910 0.5602949 0.7372864 0.7445929 0.3990175 0.5654604 0.5448179 0.5236906 0.5236906 0.3761367 0.3761367 0.6544554 0.5397977 0.3608215 0.3893466 0.5939008 0.3442696 0.7589948 0.4280066 0.4590402 0.4296519 0.4830789 0.3728639 0.6556609 0.6693737 0.5122770 0.6281093 0.4840734 0.5023670 0.3274775 0.7042668 0.5851876 0.4682412 0.7654061 0.7654061 0.6523862 0.5975847 0.6526649 0.7482731 0.6667143 0.4360765 0.4144842 0.8043987 
CBF5926                  0.2896683 0.3442696 0.0000000 0.2477836 0.3561045 0.2734505 0.2405310 0.2692721 0.4041233 0.3930457 0.4125412 0.4510401 0.2143665 0.5508654 0.2821050 0.1824305 0.4144315 0.4578729 0.3351349 0.4470999 0.3805131 0.2211900 0.2343889 0.2659492 0.3808382 0.4299345 0.4085330 0.4257329 0.4125350 0.3844919 0.3644015 0.2636172 0.2483118 0.4651580 0.1788597 0.2477836 0.2477836 0.3040104 0.2493023 0.3885923 0.4332459 0.2096460 0.3699323 0.3699323 0.4297336 0.4808734 0.2285572 0.5767913 0.4485778 0.5302620 0.2957359 0.4633272 0.4440727 0.2678049 0.4325525 0.4259438 0.2727284 0.2560820 0.4994250 0.5250021 0.5019016 0.4115243 0.3830206 0.5144723 0.4542805 0.4993379 0.4907209 0.2918975 0.2918975 0.5904795 0.5769035 0.4066087 0.7564313 0.4219852 0.4717875 0.7428736 0.7962086 0.2984353 0.3905218 0.3578472 0.4999583 0.4999583 0.1531948 0.1531948 0.5309958 0.4182595 0.3491030 0.3982866 0.4971655 0.0000010 0.4541347 0.2924857 0.2789402 0.2996041 0.2938692 0.2559863 0.4639678 0.4399349 0.2993784 0.3935027 0.3007191 0.4623903 0.3097786 0.4218537 0.3754276 0.3707326 0.4350333 0.4350333 0.6898321 0.4408818 0.4237245 0.4603474 0.4320061 0.3787760 0.3118335 0.5518152 
CFBH                     0.2603063 0.4685493 0.2477836 0.0000000 0.5061332 0.3050167 0.2974756 0.1043397 0.4889742 0.5070467 0.4528062 0.4168864 0.2533356 0.5447290 0.3009970 0.2617703 0.4218479 0.4638462 0.3719227 0.4535482 0.3106362 0.2772020 0.1842806 0.0157667 0.3717298 0.3686933 0.3575748 0.3712611 0.3669781 0.5235847 0.4673780 0.2658288 0.0170611 0.4652376 0.2693603 0.0035078 0.0035078 0.2807664 0.3546967 0.4110532 0.5446563 0.2552443 0.3632941 0.3632941 0.3304456 0.4149779 0.1826126 0.6017410 0.4349196 0.6048197 0.3114836 0.5372528 0.5027307 0.3506133 0.3177561 0.3247417 0.2981412 0.2986077 0.4960409 0.5353380 0.4980554 0.5199614 0.4630280 0.4857392 0.5842794 0.4758105 0.5204655 0.2453855 0.2453855 0.6314440 0.5402206 0.3569444 0.8291246 0.4249433 0.4451221 0.8382363 0.6435470 0.3398888 0.4939436 0.4799594 0.4829182 0.4829182 0.3088151 0.3088151 0.4477343 0.5654930 0.3562083 0.5691780 0.6019316 0.2477836 0.5911275 0.3238134 0.0157603 0.0960447 0.0173338 0.2641048 0.4477254 0.4684133 0.3985004 0.4749037 0.3874107 0.4433779 0.4097427 0.5359975 0.5113429 0.3615491 0.4852767 0.4852767 0.7520281 0.4249637 0.4290629 0.5081563 0.5454009 0.3844845 0.3475297 0.6109551 
CFBH13210                0.4326778 0.0389143 0.3561045 0.5061332 0.0000000 0.4032208 0.4103077 0.5021241 0.3642750 0.4627569 0.6940260 0.6873128 0.4799240 0.6672817 0.4576212 0.5234841 0.4708352 0.7043700 0.4047136 0.5900731 0.4623986 0.4553129 0.4709858 0.5187514 0.5499386 0.4458546 0.4264673 0.4462717 0.4371804 0.0224739 0.4974210 0.4743798 0.4686926 0.7253558 0.4325032 0.5095797 0.5095797 0.4436118 0.5905821 0.4332205 0.6187577 0.4784862 0.4479092 0.4479092 0.4420569 0.4079517 0.4666028 0.6628655 0.5848265 0.7387110 0.3535639 0.5789203 0.5650025 0.4035507 0.5416179 0.5405727 0.4371274 0.4385293 0.5540398 0.4961344 0.4982423 0.5312753 0.7577631 0.5378044 0.5647165 0.5757132 0.5220220 0.3787469 0.3787469 0.6619736 0.4950337 0.4353417 0.7186681 0.4145688 0.5303280 0.6928590 0.8166937 0.4275048 0.5999702 0.5748605 0.5340886 0.5340886 0.4409923 0.4409923 0.6194716 0.4792315 0.3669608 0.3903822 0.6911605 0.3561045 0.5925863 0.4791380 0.5055794 0.5017766 0.5184697 0.4386387 0.6796987 0.7503779 0.5432045 0.6707211 0.4581800 0.4182053 0.3681391 0.6593701 0.5902679 0.5417672 0.8385632 0.8385632 0.6426520 0.6851812 0.6657503 0.8107072 0.7313975 0.4879114 0.4971687 0.7883529 
CFBH14148                0.3367044 0.4094766 0.2734505 0.3050167 0.4032208 0.0000000 0.1570007 0.3030688 0.3937797 0.3885818 0.5967113 0.4890071 0.3208923 0.4817382 0.2856232 0.3028717 0.5407339 0.6535477 0.3583672 0.5011067 0.3296277 0.3398237 0.2493331 0.3051473 0.4169959 0.3253768 0.3165424 0.3273582 0.3240688 0.4097414 0.4845131 0.2727615 0.2885905 0.5896827 0.3461287 0.3086014 0.3086014 0.1079675 0.3069628 0.5385310 0.5237898 0.3219179 0.3791873 0.3791873 0.3530237 0.4741948 0.2265454 0.6645405 0.5387427 0.5069330 0.3904076 0.5353557 0.5919415 0.4148638 0.5337690 0.5259573 0.4308875 0.3871121 0.5357949 0.4660460 0.4471993 0.5554725 0.4388468 0.5269155 0.4358990 0.5878899 0.5291938 0.3756831 0.3756831 0.5915281 0.4842023 0.5105517 0.9643244 0.5242547 0.6983908 0.9455495 0.7459548 0.4378376 0.5060680 0.5116368 0.5697665 0.5697665 0.2566361 0.2566361 0.6016885 0.6002951 0.4451921 0.5084274 0.6633172 0.2734505 0.4709638 0.1550827 0.3040817 0.3109133 0.3133999 0.1478993 0.4805271 0.4430249 0.4627204 0.4608208 0.4000035 0.3779780 0.3874465 0.5694696 0.5926806 0.3972096 0.5594242 0.5594242 0.8798839 0.4856802 0.4838808 0.5376585 0.6219993 0.4742064 0.4517630 0.5277517 
CFBH14300                0.3121580 0.3845135 0.2405310 0.2974756 0.4103077 0.1570007 0.0000000 0.2670493 0.3985394 0.5067013 0.5901135 0.4231719 0.2785404 0.5097678 0.3771184 0.2937615 0.4719132 0.4732657 0.3340099 0.4936487 0.3512121 0.2635622 0.2436383 0.2865985 0.5147712 0.3768707 0.3802098 0.3806349 0.3769444 0.4157026 0.5264489 0.2950566 0.2673378 0.4711185 0.2768333 0.2974756 0.2974756 0.1903297 0.2575317 0.4488237 0.4405504 0.2639147 0.3957995 0.3957995 0.4502628 0.5792162 0.2187115 0.5583494 0.5001205 0.6138961 0.3374577 0.4955136 0.4395739 0.3276185 0.4285064 0.4348192 0.4003263 0.3469142 0.5384355 0.5130490 0.4829105 0.4538754 0.3450438 0.5559536 0.4781331 0.5371360 0.4994917 0.3434797 0.3434797 0.5387682 0.5019867 0.4256479 0.7141787 0.5035412 0.4983262 0.7362994 0.6981967 0.3488487 0.4677591 0.4603756 0.5533462 0.5533462 0.2887721 0.2887721 0.4446802 0.4765521 0.3860908 0.6165734 0.6152315 0.2405310 0.4379362 0.1934344 0.2884496 0.2852085 0.2924375 0.1864198 0.3843608 0.3738229 0.4707419 0.4504644 0.3908325 0.4125568 0.3538644 0.4001310 0.4485261 0.4193422 0.4647096 0.4647096 0.6919908 0.4392323 0.3685527 0.4693452 0.5459469 0.3390918 0.2732771 0.6771174 
CFBH14340                0.3542599 0.4356492 0.2692721 0.1043397 0.5021241 0.3030688 0.2670493 0.0000000 0.5744601 0.4884335 0.4342407 0.3684703 0.3003536 0.4571340 0.3118031 0.2825535 0.3868473 0.4637353 0.4167644 0.4323646 0.3727158 0.2670852 0.1902625 0.1005833 0.4311836 0.4653110 0.4487286 0.4687128 0.4532227 0.5119768 0.4367958 0.3636709 0.1063131 0.4397578 0.2468013 0.1043397 0.1043397 0.3237249 0.3526340 0.4105116 0.5961977 0.2903501 0.3946656 0.3946656 0.4110968 0.4291364 0.1891153 0.5519529 0.4412097 0.5527243 0.3668353 0.4875946 0.5233742 0.3840048 0.3713513 0.3774824 0.3643565 0.3517500 0.5057093 0.5159910 0.4871281 0.5923461 0.4255695 0.5129032 0.5090306 0.4802214 0.4476510 0.2825199 0.2825199 0.6351570 0.6186929 0.3733300 0.7199021 0.4079152 0.4029056 0.7198467 0.5945156 0.3600560 0.5224294 0.4748810 0.5339693 0.5339693 0.3635366 0.3635366 0.4302172 0.6444031 0.4315588 0.5143641 0.4607645 0.2692721 0.4466326 0.2876252 0.1096790 0.0133373 0.1150717 0.2406909 0.4502517 0.4696436 0.3851861 0.4744349 0.4615893 0.4281171 0.4327748 0.4550226 0.4773909 0.4534831 0.4447369 0.4447369 0.7213880 0.3748558 0.4264467 0.4698642 0.4764542 0.4280689 0.3612313 0.7341629 
CFBH14401                0.3646044 0.4864375 0.4041233 0.4889742 0.3642750 0.3937797 0.3985394 0.5744601 0.0000000 0.4606957 0.5745071 0.5429629 0.4156741 0.5775122 0.4301829 0.4655591 0.6152283 0.4858189 0.1735646 0.5104096 0.5146959 0.3952189 0.4532614 0.5167868 0.5354097 0.4569299 0.4495136 0.4582939 0.4614855 0.3929603 0.4900431 0.4288935 0.5144379 0.4257658 0.4359169 0.4937161 0.4937161 0.3832370 0.4297152 0.4137922 0.4535018 0.4375206 0.4290194 0.4290194 0.4134649 0.7070425 0.4218738 0.5389854 0.5241704 0.5315746 0.3715124 0.6697153 0.2969327 0.3542141 0.5243502 0.5403580 0.4290604 0.3775441 0.4703817 0.4739014 0.4352376 0.3032761 0.4908021 0.4709343 0.5355225 0.5379949 0.4270243 0.3088329 0.3088329 0.5939197 0.4775398 0.4242870 0.5731723 0.4931629 0.4485186 0.5761002 1.1273886 0.2829185 0.4239776 0.4711495 0.4070799 0.4070799 0.4041187 0.4041187 0.5139282 0.3478333 0.3639161 0.4351700 0.6958017 0.4041233 0.5068378 0.4147073 0.5094151 0.5845283 0.5112832 0.3882099 0.5645433 0.4762625 0.4610387 0.5124528 0.3622544 0.3575202 0.4314454 0.5601292 0.2897576 0.4864911 0.5586199 0.5586199 0.4725535 0.5108448 0.5505576 0.5487840 0.5436760 0.3843113 0.4015960 0.5907818 
CFBH14964                0.4377304 0.4501882 0.3930457 0.5070467 0.4627569 0.3885818 0.5067013 0.4884335 0.4606957 0.0000000 0.6687128 0.5815037 0.3621933 0.6111789 0.4570904 0.3797698 0.6558407 0.7438167 0.4427635 0.5450768 0.5616111 0.3949938 0.4229343 0.4840958 0.5495934 0.6630223 0.6417621 0.6648607 0.6357856 0.4682807 0.4771555 0.4189514 0.5329026 0.7264629 0.3937615 0.5070467 0.5070467 0.4147488 0.4375862 0.6584107 0.6769522 0.3484181 0.4995126 0.4995126 0.7233842 0.6677046 0.4536828 0.6101258 0.6280028 0.6293373 0.5053320 0.6444427 0.5605358 0.5317561 0.4892591 0.4954846 0.6358279 0.5515663 0.4375909 0.5935553 0.5654123 0.5667323 0.4882456 0.4408976 0.4814032 0.5300770 0.5885006 0.4327926 0.4327926 0.6702473 0.6209342 0.4348328 0.9949646 0.4615096 0.6132565 0.9652957 0.9679278 0.4230901 0.5960543 0.5570418 0.4535289 0.4535289 0.3638299 0.3638299 0.6873922 0.6074422 0.6134788 0.1283575 0.6922702 0.3930457 0.5379122 0.3863614 0.4926466 0.4622317 0.5257292 0.3779078 0.6531946 0.5787383 0.4123549 0.5096915 0.5381345 0.3860343 0.4784061 0.6088498 0.5291803 0.6263005 0.6420008 0.6420008 0.9074432 0.5737271 0.6527694 0.5802233 0.5503728 0.5804592 0.5431213 0.6589068 
CFBH15203                0.4418680 0.6312087 0.4125412 0.4528062 0.6940260 0.5967113 0.5901135 0.4342407 0.5745071 0.6687128 0.0000000 0.4422249 0.5366577 0.4957732 0.5110144 0.4976563 0.3941316 0.4359368 0.5448447 0.4174096 0.5026097 0.5596891 0.4744053 0.4616503 0.4211600 0.5607022 0.5665982 0.5631742 0.5507973 0.6672167 0.4293141 0.6917307 0.4474228 0.4461767 0.5153941 0.4528062 0.4528062 0.5783050 0.6734904 0.4494858 0.5171974 0.5041926 0.4239759 0.4239759 0.5041816 0.4478594 0.4351155 0.5355400 0.4215761 0.5821825 0.4769082 0.5452118 0.5669061 0.5425620 0.5027600 0.5180226 0.4569989 0.4348855 0.5662177 0.5640073 0.5042086 0.6216350 0.5510280 0.6048299 0.5376809 0.6113529 0.5631243 0.3830982 0.3830982 0.7661662 0.7617953 0.4621198 0.7069863 0.4653737 0.5244739 0.7160500 0.7297979 0.4091998 0.4482290 0.3932596 0.4849616 0.4849616 0.4825773 0.4825773 0.6135541 0.6904852 0.6273764 0.4462348 0.1440336 0.4125412 0.5256051 0.5501899 0.4690424 0.4308174 0.4717600 0.5448135 0.5226522 0.5326608 0.4362449 0.5679598 0.6226881 0.4930324 0.5231975 0.4752686 0.5117306 0.4692707 0.4525667 0.4525667 0.7138889 0.4191256 0.5244622 0.4927406 0.5329332 0.4701102 0.5097842 0.7496795 
CFBH15869                0.4789579 0.5994692 0.4510401 0.4168864 0.6873128 0.4890071 0.4231719 0.3684703 0.5429629 0.5815037 0.4422249 0.0000000 0.4147204 0.0125035 0.5329999 0.4549288 0.4909857 0.5289672 0.4456134 0.4156593 0.5705064 0.4899943 0.3403231 0.4041924 0.3950094 0.6687699 0.6533473 0.6705698 0.6321855 0.6419846 0.4467687 0.4850450 0.3772142 0.4729123 0.4025518 0.4168864 0.4168864 0.5211462 0.3909550 0.5469801 0.3862614 0.4049217 0.3444498 0.3444498 0.5861362 0.5079144 0.3210016 0.3315450 0.3845120 0.5396549 0.4633867 0.5352006 0.5866148 0.4003923 0.3756361 0.3903273 0.4933798 0.4520757 0.5385681 0.5138974 0.4596688 0.4812964 0.4137655 0.5376110 0.4566845 0.5123366 0.5873794 0.4306891 0.4306891 0.5796042 0.5424184 0.4040009 0.5465368 0.3600933 0.2747443 0.5536180 0.7069039 0.3820312 0.3486860 0.3370576 0.5321193 0.5321193 0.4094465 0.4094465 0.4576274 0.5043468 0.5860039 0.6647867 0.4487763 0.4510401 0.4109316 0.4538964 0.4123443 0.3598619 0.4133078 0.4382357 0.2347003 0.4385541 0.4227357 0.4312046 0.5865165 0.4818639 0.4781772 0.2586245 0.5168698 0.5419330 0.1040879 0.1040879 0.5819721 0.0186410 0.2317702 0.1166752 0.3963835 0.4683450 0.4521657 0.8449960 
CFBH15885                0.2931313 0.4046235 0.2143665 0.2533356 0.4799240 0.3208923 0.2785404 0.3003536 0.4156741 0.3621933 0.5366577 0.4147204 0.0000000 0.5010170 0.2971118 0.1559394 0.5320434 0.5255481 0.2999489 0.4720246 0.3003591 0.1608601 0.2385608 0.2461444 0.5142337 0.3857400 0.3857554 0.3957579 0.3957579 0.4823771 0.5002747 0.2075767 0.2758633 0.5567779 0.1324528 0.2513448 0.2513448 0.3568561 0.2277617 0.4635616 0.3717912 0.0047680 0.3909793 0.3909793 0.3772094 0.5865278 0.2717915 0.5393193 0.5008495 0.6396932 0.3148845 0.5944928 0.4785506 0.3486800 0.5270507 0.5500121 0.3330322 0.2996390 0.4628004 0.5539362 0.4879604 0.4520041 0.4645457 0.4501441 0.6086608 0.4781373 0.5092376 0.3205919 0.3205919 0.5439005 0.4247652 0.4153520 0.7140523 0.5264081 0.4493368 0.6875708 0.7707671 0.2874309 0.4197269 0.4206694 0.4002371 0.4002371 0.2027034 0.2027034 0.5567094 0.5042321 0.3806436 0.4724641 0.6597866 0.2143665 0.5675401 0.2686969 0.2519475 0.2864771 0.2555646 0.2596650 0.4870577 0.4554097 0.4871144 0.4871637 0.3485771 0.3922987 0.3536718 0.5841677 0.3842863 0.3586839 0.4489698 0.4489698 0.6407861 0.4125248 0.4778942 0.4314883 0.6241350 0.3795196 0.3170345 0.5335663 
CFBH18575                0.5962794 0.6527710 0.5508654 0.5447290 0.6672817 0.4817382 0.5097678 0.4571340 0.5775122 0.6111789 0.4957732 0.0125035 0.5010170 0.0000000 0.5901937 0.6271233 0.4959444 0.5479195 0.5075210 0.4546134 0.5658243 0.6494172 0.5133948 0.5765831 0.4541190 0.6759990 0.6645746 0.6836278 0.6836278 0.6617229 0.4636980 0.5805918 0.4649355 0.4917528 0.5156612 0.5462125 0.5462125 0.5753899 0.5195565 0.5889006 0.4290623 0.5080717 0.4091529 0.4091529 0.6112474 0.5047780 0.3892606 0.4292803 0.4194298 0.5837514 0.5119690 0.5567741 0.6395465 0.5180435 0.4142803 0.4318184 0.5939179 0.5766886 0.5639410 0.5458225 0.4872895 0.4672634 0.3999116 0.5920290 0.6243878 0.6153423 0.6836623 0.5083173 0.5083173 0.6176705 0.6545346 0.5129951 0.5739309 0.3866338 0.3059967 0.5809445 0.6362161 0.4467112 0.3728091 0.3770843 0.5490401 0.5490401 0.4513478 0.4513478 0.5490542 0.5033616 0.5948122 0.6980621 0.6033643 0.5508654 0.5323378 0.4736504 0.5685539 0.4238903 0.5741694 0.4809097 0.2556743 0.3991989 0.5010315 0.4653674 0.5940418 0.5361851 0.5739239 0.3341170 0.5453910 0.5676355 0.1105234 0.1105234 0.5249173 0.0327176 0.2642787 0.1214250 0.4812446 0.6003384 0.5349279 0.8391534 
CFBH18721                0.2387920 0.4489786 0.2821050 0.3009970 0.4576212 0.2856232 0.3771184 0.3118031 0.4301829 0.4570904 0.5110144 0.5329999 0.2971118 0.5901937 0.0000000 0.3129168 0.4239771 0.4136738 0.3722835 0.4511577 0.2858132 0.3139167 0.2891950 0.2913251 0.4693906 0.3333774 0.3241259 0.3354894 0.3319776 0.4669495 0.4377348 0.3056296 0.2890894 0.4011949 0.3485171 0.2992283 0.2992283 0.3465718 0.3366057 0.3405907 0.5789577 0.2915260 0.4563858 0.4563858 0.3205430 0.4279515 0.3677426 0.5925569 0.4712980 0.4487724 0.3408274 0.5250410 0.4557850 0.3284277 0.4727260 0.4651256 0.3172278 0.3155908 0.4578980 0.4848336 0.4508673 0.4264941 0.6045161 0.4500611 0.5083756 0.5593415 0.4207103 0.2590816 0.2590816 0.5272651 0.4993523 0.3863133 0.7896939 0.4310101 0.4853684 0.7169929 0.8543102 0.2832024 0.4102681 0.4207777 0.5752819 0.5752819 0.2333561 0.2333561 0.5147826 0.4676904 0.3293669 0.3756363 0.6113722 0.2821050 0.4218049 0.3739909 0.2956595 0.3375734 0.3048186 0.3084082 0.4904239 0.6432403 0.4359047 0.4061505 0.3662820 0.4508166 0.3382473 0.5401227 0.4374271 0.3273348 0.6067357 0.6067357 0.6475389 0.5282528 0.4857027 0.5852945 0.4893616 0.3614419 0.3262045 0.4792631 
CFBH18764                0.3131385 0.4154781 0.1824305 0.2617703 0.5234841 0.3028717 0.2937615 0.2825535 0.4655591 0.3797698 0.4976563 0.4549288 0.1559394 0.6271233 0.3129168 0.0000000 0.5522924 0.5670616 0.3251493 0.5673523 0.3874740 0.1046915 0.2907465 0.2619731 0.5136727 0.3753859 0.3645924 0.3721392 0.3677708 0.5344206 0.5709064 0.2297060 0.2434635 0.5749068 0.1250472 0.2653641 0.2653641 0.3083046 0.2343180 0.4102976 0.4481243 0.1586149 0.3894309 0.3894309 0.3806348 0.5673075 0.2390531 0.6978595 0.6108279 0.6120417 0.3088935 0.6550812 0.5081014 0.3309968 0.4649103 0.4719528 0.3556632 0.3367228 0.4845669 0.5520012 0.5167977 0.4485538 0.5122779 0.4902291 0.6083663 0.4632825 0.5286537 0.3059101 0.3059101 0.5459479 0.5385836 0.4565912 0.7634975 0.5663562 0.5771292 0.7535315 0.6489023 0.3483901 0.4488817 0.4511430 0.3482225 0.3482225 0.2143454 0.2143454 0.5962406 0.4965847 0.3860317 0.4178909 0.5817059 0.1824305 0.5731059 0.2312075 0.2700536 0.2698809 0.2727738 0.2119478 0.5540036 0.4828783 0.4371957 0.5482818 0.3777678 0.4474347 0.3852043 0.6719778 0.4267704 0.3756631 0.4807960 0.4807960 0.7128400 0.4304749 0.5557259 0.4935872 0.5539957 0.3602686 0.3213305 0.5573887 
CFBH18782                0.5150403 0.4640787 0.4144315 0.4218479 0.4708352 0.5407339 0.4719132 0.3868473 0.6152283 0.6558407 0.3941316 0.4909857 0.5320434 0.4959444 0.4239771 0.5522924 0.0000000 0.3081453 0.4607203 0.2785669 0.5731317 0.4937143 0.4358231 0.4312738 0.4392396 0.5541569 0.5990252 0.5569227 0.5808713 0.4806573 0.3956284 0.5434330 0.4448156 0.3310279 0.4931654 0.4218479 0.4218479 0.5777357 0.5179465 0.3722042 0.4902714 0.5488220 0.3998824 0.3998824 0.4046880 0.0568921 0.4251235 0.6437992 0.2530672 0.7019903 0.4738363 0.1902233 0.7871042 0.6534692 0.4873235 0.4849287 0.5702540 0.6063661 0.5512491 0.4654705 0.4674015 0.6306423 0.4737138 0.5274548 0.4469464 0.5852470 0.4523117 0.4439378 0.4439378 0.6600688 0.6326114 0.4726821 0.7317912 0.3675231 0.5959947 0.7550202 0.6709903 0.3816463 0.3310790 0.3011603 0.5502855 0.5502855 0.5033286 0.5033286 0.5416208 0.6490388 0.5788660 0.4303722 0.5675248 0.4144315 0.4388911 0.5136400 0.4133705 0.4030277 0.3883243 0.4366908 0.4889229 0.4525064 0.4746268 0.4155887 0.6483535 0.6241381 0.4545941 0.4083890 0.6949002 0.6303511 0.5500534 0.5500534 0.6302641 0.4962949 0.4765461 0.5794271 0.5740733 0.6324435 0.6102298 0.7264835 
CFBH18799                0.4773082 0.5764588 0.4578729 0.4638462 0.7043700 0.6535477 0.4732657 0.4637353 0.4858189 0.7438167 0.4359368 0.5289672 0.5255481 0.5479195 0.4136738 0.5670616 0.3081453 0.0000000 0.4111315 0.2621648 0.4738019 0.4562343 0.4662925 0.4736729 0.4071843 0.5621483 0.6036100 0.5568428 0.5865899 0.6518388 0.4181200 0.6048873 0.4720957 0.0642010 0.5127327 0.4638462 0.4638462 0.6299410 0.5369832 0.6157243 0.5116988 0.5345525 0.4150461 0.4150461 0.6908779 0.3862692 0.4674747 0.5695488 0.2615463 0.6383409 0.5118764 0.2429525 0.5706438 0.5570571 0.4082175 0.4014084 0.4891987 0.5457909 0.6551332 0.5544171 0.5256598 0.5182994 0.4628590 0.6132970 0.5001817 0.6194282 0.5273732 0.4150740 0.4150740 0.6962526 0.6398930 0.5461863 0.7881298 0.4212920 0.5749258 0.7894467 0.8891587 0.3450830 0.4259302 0.4159627 0.5624692 0.5624692 0.4389788 0.4389788 0.5669499 0.5562595 0.5670210 0.5123166 0.5181563 0.4578729 0.4730628 0.5650173 0.4599531 0.4834329 0.4263241 0.5115496 0.5237667 0.4979379 0.4020450 0.4528539 0.5114787 0.6048003 0.5241540 0.4379874 0.5535895 0.5910068 0.5632443 0.5632443 0.6431943 0.5254093 0.5255312 0.5940690 0.4676662 0.4785419 0.4784475 0.7621708 
CFBH19176                0.3471223 0.3912351 0.3351349 0.3719227 0.4047136 0.3583672 0.3340099 0.4167644 0.1735646 0.4427635 0.5448447 0.4456134 0.2999489 0.5075210 0.3722835 0.3251493 0.4607203 0.4111315 0.0000000 0.4802059 0.2974199 0.3335378 0.3825300 0.3666641 0.5135108 0.3969332 0.4039119 0.3934770 0.4074447 0.4250773 0.5024471 0.4336974 0.3666408 0.3623607 0.2800489 0.3719227 0.3719227 0.3481927 0.4021159 0.3536848 0.3362407 0.3121304 0.3961559 0.3961559 0.3529612 0.5466303 0.3785164 0.4766404 0.4488847 0.5556202 0.2656206 0.5255920 0.3175611 0.3459239 0.3905200 0.4054229 0.3734510 0.3680370 0.5017553 0.4777582 0.4420206 0.2393327 0.4676887 0.4699051 0.4367836 0.5061300 0.3813304 0.2986609 0.2986609 0.6049464 0.5723778 0.4336723 0.6013101 0.4307333 0.4379222 0.6176104 0.9572742 0.1906674 0.4489709 0.4737993 0.4269503 0.4269503 0.3603182 0.3603182 0.4858743 0.2738319 0.2731936 0.3187220 0.6291220 0.3351349 0.4167346 0.3597673 0.3746248 0.4179438 0.3715934 0.3329787 0.4493253 0.5610586 0.3817918 0.4129196 0.3687195 0.3353374 0.3591167 0.4881203 0.2786273 0.4233794 0.4736281 0.4736281 0.5532318 0.4460745 0.4402188 0.4876922 0.3947485 0.2867759 0.3034251 0.5946003 
CFBH19472                0.4769887 0.5260466 0.4470999 0.4535482 0.5900731 0.5011067 0.4936487 0.4323646 0.5104096 0.5450768 0.4174096 0.4156593 0.4720246 0.4546134 0.4511577 0.5673523 0.2785669 0.2621648 0.4802059 0.0000000 0.5202224 0.5439759 0.4218683 0.4484894 0.4191027 0.6968658 0.7219895 0.6981826 0.7017434 0.5542520 0.3598520 0.5527592 0.4496463 0.2695496 0.5612244 0.4535482 0.4535482 0.4223316 0.5105823 0.6183135 0.5318169 0.4911176 0.3467636 0.3467636 0.6873474 0.2737705 0.4273532 0.5568332 0.0742553 0.4905939 0.5064453 0.2693169 0.6654552 0.5902953 0.5094951 0.5028432 0.5868246 0.6007719 0.5130440 0.5630752 0.5362768 0.5330314 0.3633779 0.4832541 0.5496368 0.5709952 0.4687438 0.4999106 0.4999106 0.5425640 0.4601363 0.5357055 0.7070477 0.3834276 0.5333014 0.7047028 0.8314610 0.4493177 0.3742737 0.3722567 0.4198382 0.4198382 0.4120003 0.4120003 0.5904743 0.5755072 0.5278117 0.6924106 0.4300812 0.4470999 0.4807746 0.3922222 0.4346900 0.4374223 0.4068777 0.3813030 0.5856708 0.3824457 0.4423728 0.5601603 0.6320099 0.4326204 0.4707691 0.4128271 0.6859906 0.6444846 0.5314766 0.5314766 0.5907322 0.4092696 0.5863958 0.5648200 0.5746300 0.5888629 0.5703004 0.6986011 
CFBH19993                0.3311465 0.4818873 0.3805131 0.3106362 0.4623986 0.3296277 0.3512121 0.3727158 0.5146959 0.5616111 0.5026097 0.5705064 0.3003591 0.5658243 0.2858132 0.3874740 0.5731317 0.4738019 0.2974199 0.5202224 0.0000000 0.3581789 0.3054372 0.3146104 0.5682119 0.3380478 0.3284093 0.3393942 0.3365902 0.4699236 0.5359229 0.3853823 0.3050651 0.4675983 0.3855126 0.3145292 0.3145292 0.3543225 0.4401607 0.3712802 0.5170655 0.2940304 0.4441070 0.4441070 0.3673415 0.5935395 0.3079347 0.6185093 0.4571707 0.6466876 0.3770440 0.5652896 0.4394541 0.3703329 0.4582924 0.4606027 0.2578026 0.2989942 0.5847615 0.5308148 0.4954782 0.5544253 0.4452087 0.5644016 0.5847902 0.6185534 0.4999273 0.2065791 0.2065791 0.6929668 0.5495723 0.4520477 0.8639271 0.5013440 0.5558035 0.7928937 0.8310087 0.3865220 0.5790388 0.5577722 0.4991434 0.4991434 0.4071237 0.4071237 0.6156836 0.6032647 0.3666593 0.5641979 0.7159575 0.3805131 0.5917100 0.3834437 0.3191695 0.3865026 0.3229600 0.3666861 0.6375786 0.4883725 0.4758971 0.5589232 0.3975573 0.4546946 0.3926354 0.6602919 0.4244299 0.2701860 0.6137867 0.6137867 0.7174678 0.5696929 0.6108715 0.6068754 0.6413069 0.2591990 0.3036892 0.4914253 
CFBH20829                0.2848906 0.3180422 0.2211900 0.2772020 0.4553129 0.3398237 0.2635622 0.2670852 0.3952189 0.3949938 0.5596891 0.4899943 0.1608601 0.6494172 0.3139167 0.1046915 0.4937143 0.4562343 0.3335378 0.5439759 0.3581789 0.0000000 0.2837719 0.2870242 0.5215366 0.3462875 0.3406558 0.3429991 0.3429991 0.4676412 0.5299981 0.2649686 0.2468688 0.4700603 0.1285647 0.2810629 0.2810629 0.3718668 0.2791609 0.3712860 0.3810883 0.1638752 0.4399727 0.4399727 0.3483159 0.5442173 0.2750719 0.6549551 0.5882870 0.7031636 0.2677001 0.6560625 0.4540607 0.2978771 0.4920256 0.5000378 0.3266138 0.2933890 0.4609032 0.5593705 0.5125053 0.4756757 0.5381000 0.4519526 0.6664831 0.4612345 0.5591972 0.2810952 0.2810952 0.5850108 0.5084955 0.4461183 0.7363557 0.5652381 0.4950952 0.7110791 0.6208515 0.3305941 0.4698612 0.4755957 0.4107992 0.4107992 0.2236170 0.2236170 0.6151941 0.5287348 0.3654516 0.4827342 0.6741622 0.2211900 0.5895226 0.2606206 0.2859613 0.2812500 0.2821033 0.2343024 0.5615107 0.4988279 0.4587719 0.6045280 0.3581446 0.4553252 0.3964439 0.6075056 0.3649942 0.3788534 0.5520218 0.5520218 0.6204526 0.4802623 0.5593892 0.5492224 0.6055563 0.3821542 0.2997993 0.6987796 
CFBH21788                0.3137711 0.3954587 0.2343889 0.1842806 0.4709858 0.2493331 0.2436383 0.1902625 0.4532614 0.4229343 0.4744053 0.3403231 0.2385608 0.5133948 0.2891950 0.2907465 0.4358231 0.4662925 0.3825300 0.4218683 0.3054372 0.2837719 0.0000000 0.1800586 0.4338771 0.3922904 0.3747333 0.3920709 0.3845160 0.4685600 0.4946770 0.2647126 0.1604845 0.4584253 0.2576035 0.1773745 0.1773745 0.2716775 0.3159847 0.4074035 0.4743318 0.2429515 0.3492988 0.3492988 0.3285944 0.4072046 0.0142566 0.6083848 0.3962649 0.5098984 0.3048622 0.4922457 0.5595675 0.3880868 0.3531842 0.3600361 0.3441449 0.3168650 0.4910295 0.5349391 0.4975131 0.6113059 0.4393830 0.4738061 0.6274245 0.4764201 0.5255830 0.3110881 0.3110881 0.6533612 0.5256751 0.3819587 0.7447969 0.4214280 0.4478546 0.7269681 0.7084791 0.3947012 0.5093875 0.5000817 0.5038625 0.5038625 0.2691459 0.2691459 0.4934633 0.6599619 0.3487716 0.4896630 0.6481047 0.2343889 0.5657203 0.2351832 0.1796961 0.1806137 0.1840022 0.2202152 0.4046318 0.4551158 0.4094805 0.5388361 0.4073200 0.3806770 0.3912802 0.5372256 0.4699793 0.3896685 0.4450150 0.4450150 0.6813656 0.3549587 0.3866812 0.4967942 0.5230806 0.3974387 0.3530580 0.5880501 
CFBH21936                0.2558069 0.4791291 0.2659492 0.0157667 0.5187514 0.3051473 0.2865985 0.1005833 0.5167868 0.4840958 0.4616503 0.4041924 0.2461444 0.5765831 0.2913251 0.2619731 0.4312738 0.4736729 0.3666641 0.4484894 0.3146104 0.2870242 0.1800586 0.0000000 0.3668081 0.3729396 0.3616945 0.3755566 0.3711913 0.5357608 0.5025044 0.2643705 0.0084021 0.4752651 0.2644275 0.0145355 0.0145355 0.2580133 0.3499439 0.4206454 0.5472949 0.2411888 0.3650229 0.3650229 0.3430149 0.4098870 0.1690630 0.6216381 0.4296371 0.6004401 0.3065386 0.5322877 0.5130984 0.3594023 0.3267295 0.3337316 0.3064925 0.2936420 0.5005126 0.5649632 0.5202288 0.5319056 0.4725107 0.4801763 0.5830904 0.4854179 0.5303329 0.2648369 0.2648369 0.6433980 0.5465853 0.3655760 0.8417657 0.4344154 0.4394771 0.8202401 0.6558155 0.3344764 0.5051023 0.4898362 0.4935429 0.4935429 0.2916717 0.2916717 0.4583017 0.5688010 0.3504632 0.5701441 0.6264444 0.2659492 0.6062150 0.3061059 0.0047053 0.0923297 0.0060037 0.2717448 0.4500498 0.4783611 0.4183331 0.4854267 0.3918947 0.4375759 0.4205406 0.5426514 0.5067247 0.3741464 0.4803612 0.4803612 0.7620224 0.4198263 0.4312925 0.5032752 0.5559788 0.3863977 0.3429078 0.6213107 
CFBH22025                0.4197637 0.6091464 0.3808382 0.3717298 0.5499386 0.4169959 0.5147712 0.4311836 0.5354097 0.5495934 0.4211600 0.3950094 0.5142337 0.4541190 0.4693906 0.5136727 0.4392396 0.4071843 0.5135108 0.4191027 0.5682119 0.5215366 0.4338771 0.3668081 0.0000000 0.6458279 0.6403921 0.6477993 0.6205000 0.5429127 0.3246464 0.4858535 0.3453483 0.4209812 0.4874409 0.3717298 0.3717298 0.4710360 0.4616113 0.6083185 0.4321290 0.4916671 0.3760692 0.3760692 0.6781325 0.4395231 0.3902298 0.4781459 0.4220674 0.5892985 0.3918539 0.4943565 0.5763257 0.4354803 0.4170954 0.4237676 0.4514482 0.4520302 0.4209356 0.4252174 0.3831142 0.5402018 0.4495259 0.4383859 0.4738421 0.3941758 0.5097472 0.4312145 0.4312145 0.7482250 0.6735447 0.4025918 0.5860715 0.1609344 0.4310408 0.5813405 0.7949793 0.3425323 0.4927461 0.4409018 0.5589201 0.5589201 0.4398163 0.4398163 0.4497276 0.5326530 0.4556955 0.4137419 0.5104194 0.3808382 0.4248953 0.5386456 0.3550397 0.4914318 0.3614694 0.5194194 0.4563177 0.4950906 0.3279400 0.4496292 0.4079306 0.4755194 0.5045115 0.3818088 0.4711243 0.5014159 0.3848457 0.3848457 0.5854714 0.3912518 0.4452387 0.4207702 0.4651389 0.6232299 0.5198301 0.5151155 
CFBH22226                0.2953359 0.4847953 0.4299345 0.3686933 0.4458546 0.3253768 0.3768707 0.4653110 0.4569299 0.6630223 0.5607022 0.6687699 0.3857400 0.6759990 0.3333774 0.3753859 0.5541569 0.5621483 0.3969332 0.6968658 0.3380478 0.3462875 0.3922904 0.3729396 0.6458279 0.0000000 0.0035776 0.0048147 0.0048147 0.4554552 0.5903718 0.3209519 0.4006784 0.5540378 0.4681465 0.3787087 0.3787087 0.4589290 0.4464456 0.1541146 0.4807399 0.3875422 0.5829819 0.5829819 0.1755373 0.6148207 0.4385747 0.6213044 0.6556894 0.4998368 0.3093101 0.6549736 0.4260326 0.3904723 0.4673806 0.4700509 0.3887815 0.3667326 0.4644041 0.5687016 0.5365346 0.4990065 0.6973674 0.4515147 0.5032824 0.4293179 0.4397048 0.3127692 0.3127692 0.7303682 0.5179538 0.3904866 0.6600007 0.7194523 0.5263987 0.6458419 0.7350669 0.3982071 0.6922780 0.6995858 0.6158476 0.6158476 0.3602010 0.3602010 0.5467030 0.5397449 0.3690676 0.5191397 0.5974748 0.4299345 0.5022643 0.5179970 0.3713030 0.4308126 0.3754826 0.4839752 0.6715594 0.7370166 0.5188297 0.4872069 0.3745081 0.4943273 0.3921459 0.6756967 0.4397608 0.3597251 0.6984024 0.6984024 0.5737007 0.6817054 0.6234977 0.6322026 0.4450394 0.3924501 0.3576544 0.5186045 
CFBH22231                0.2845842 0.4526957 0.4085330 0.3575748 0.4264673 0.3165424 0.3802098 0.4487286 0.4495136 0.6417621 0.5665982 0.6533473 0.3857554 0.6645746 0.3241259 0.3645924 0.5990252 0.6036100 0.4039119 0.7219895 0.3284093 0.3406558 0.3747333 0.3616945 0.6403921 0.0035776 0.0000000 0.0011879 0.0011741 0.4484962 0.5797108 0.3172735 0.3889351 0.5994709 0.4517262 0.3673538 0.3673538 0.4517323 0.4498964 0.1555200 0.5052190 0.3850539 0.5822095 0.5822095 0.1706722 0.6235910 0.4102777 0.6124917 0.6733022 0.4905781 0.3028120 0.6929243 0.4598997 0.3799497 0.4414226 0.4438623 0.3718405 0.3512153 0.4503837 0.5502938 0.5190006 0.5119976 0.6589540 0.4446111 0.4912572 0.4254058 0.4355828 0.3006895 0.3006895 0.6894861 0.5093240 0.3880443 0.6459265 0.6910757 0.5383180 0.6318768 0.6954467 0.4278584 0.6927707 0.6996744 0.5875306 0.5875306 0.3510216 0.3510216 0.5373180 0.5516231 0.3729291 0.5064635 0.6067344 0.4085330 0.4894155 0.5125809 0.3601712 0.4191166 0.3690414 0.4666987 0.6391801 0.6949515 0.5066425 0.4889961 0.3630001 0.4792855 0.3867927 0.6687878 0.4745066 0.3470133 0.6803560 0.6803560 0.5767211 0.6656545 0.5902834 0.6172474 0.4567920 0.3749610 0.3425245 0.5313935 
CFBH22236                0.2928025 0.4801584 0.4257329 0.3712611 0.4462717 0.3273582 0.3806349 0.4687128 0.4582939 0.6648607 0.5631742 0.6705698 0.3957579 0.6836278 0.3354894 0.3721392 0.5569227 0.5568428 0.3934770 0.6981826 0.3393942 0.3429991 0.3920709 0.3755566 0.6477993 0.0048147 0.0011879 0.0000000 0.0000010 0.4653146 0.6039775 0.3292557 0.4043852 0.5488319 0.4714481 0.3813780 0.3813780 0.4718053 0.4502544 0.1629541 0.4762792 0.3968500 0.5775652 0.5775652 0.1784195 0.6170246 0.4344345 0.6297146 0.6492308 0.5146000 0.3062637 0.6482411 0.4370209 0.3940370 0.4624457 0.4650841 0.3853151 0.3634671 0.4671858 0.5708752 0.5382236 0.4938134 0.6896209 0.4560555 0.5092374 0.4249890 0.4356379 0.3166360 0.3166360 0.7314668 0.5273306 0.3865106 0.6617799 0.7205494 0.5412813 0.6478538 0.7273303 0.3940369 0.6938711 0.7009519 0.6097113 0.6097113 0.3641305 0.3641305 0.5408094 0.5339681 0.3811207 0.5064635 0.5888652 0.4257329 0.5022885 0.5208801 0.3738853 0.4343879 0.3715724 0.4871160 0.6639584 0.7287832 0.5106843 0.4906680 0.3740733 0.4987832 0.3967519 0.6875525 0.4359652 0.3600609 0.6902945 0.6902945 0.5767211 0.6833552 0.6162962 0.6246192 0.4573222 0.3888832 0.3544280 0.5342944 
CFBH22239                0.2868657 0.4571693 0.4125350 0.3669781 0.4371804 0.3240688 0.3769444 0.4532227 0.4614855 0.6357856 0.5507973 0.6321855 0.3957579 0.6836278 0.3319776 0.3677708 0.5808713 0.5865899 0.4074447 0.7017434 0.3365902 0.3429991 0.3845160 0.3711913 0.6205000 0.0048147 0.0011741 0.0000010 0.0000000 0.4595366 0.5942193 0.3255915 0.3926047 0.5711387 0.4561580 0.3769255 0.3769255 0.4562370 0.4346664 0.1566744 0.4905647 0.3948695 0.5571994 0.5571994 0.1755014 0.6050072 0.4141969 0.6297146 0.6539229 0.4958869 0.2988646 0.6723882 0.4573760 0.3833348 0.4461632 0.4486375 0.3751091 0.3542622 0.4615872 0.5640731 0.5320483 0.5096021 0.6582944 0.4560555 0.5043188 0.4114292 0.4396246 0.3032434 0.3032434 0.6892461 0.5223726 0.3748586 0.6261588 0.6908817 0.5216701 0.6116109 0.6952962 0.4108023 0.6702736 0.6790203 0.5937799 0.5937799 0.3542715 0.3542715 0.5195422 0.5496283 0.3690790 0.5064635 0.5823299 0.4125350 0.5022885 0.5175812 0.3695778 0.4209336 0.3715724 0.4712356 0.6424888 0.6947853 0.5114516 0.4729173 0.3724194 0.4914561 0.3967519 0.6875525 0.4624099 0.3560494 0.6575576 0.6575576 0.5767211 0.6442450 0.5975300 0.5953468 0.4428307 0.3783233 0.3455169 0.5138574 
CFBH22999                0.4339550 0.0119281 0.3844919 0.5235847 0.0224739 0.4097414 0.4157026 0.5119768 0.3929603 0.4682807 0.6672167 0.6419846 0.4823771 0.6617229 0.4669495 0.5344206 0.4806573 0.6518388 0.4250773 0.5542520 0.4699236 0.4676412 0.4685600 0.5357608 0.5429127 0.4554552 0.4484962 0.4653146 0.4595366 0.0000000 0.5212556 0.4802605 0.4948097 0.6874923 0.4488730 0.5270747 0.5270747 0.4368715 0.5934095 0.4394664 0.5777842 0.4815877 0.4926396 0.4926396 0.4694899 0.4152998 0.4550137 0.6735974 0.5527956 0.7175640 0.3556361 0.6010255 0.5676636 0.3731563 0.5731643 0.5877461 0.4328993 0.4391081 0.5600907 0.5461594 0.5118658 0.6126444 0.7579793 0.5402964 0.6082242 0.5995819 0.5403371 0.3846541 0.3846541 0.6831349 0.5123229 0.4652160 0.7353622 0.4489270 0.5542062 0.6931854 0.7851240 0.4450504 0.6458516 0.6136763 0.5136165 0.5136165 0.4258188 0.4258188 0.6599103 0.5559042 0.3432353 0.3915090 0.6933835 0.3844919 0.6283939 0.4694699 0.5225359 0.5116158 0.5312876 0.4232010 0.7008828 0.7049004 0.5615513 0.6995025 0.4685705 0.4171716 0.3902702 0.6703360 0.5749969 0.5462204 0.8089528 0.8089528 0.6459094 0.6488419 0.6860286 0.7825721 0.7379770 0.5175172 0.5147077 0.8256606 
CFBH23532                0.3547892 0.5891270 0.3644015 0.4673780 0.4974210 0.4845131 0.5264489 0.4367958 0.4900431 0.4771555 0.4293141 0.4467687 0.5002747 0.4636980 0.4377348 0.5709064 0.3956284 0.4181200 0.5024471 0.3598520 0.5359229 0.5299981 0.4946770 0.5025044 0.3246464 0.5903718 0.5797108 0.6039775 0.5942193 0.5212556 0.0000000 0.4951949 0.4068375 0.4050095 0.5029524 0.4787717 0.4787717 0.4842415 0.4178341 0.5365899 0.4639079 0.5019013 0.3622691 0.3622691 0.5556754 0.3776358 0.3713698 0.5697214 0.3592174 0.6711080 0.4076412 0.4463039 0.4856277 0.5116702 0.4306759 0.4377761 0.4535469 0.4182486 0.4127843 0.3722269 0.3306090 0.5663885 0.4683506 0.3935078 0.5621149 0.4576917 0.4966180 0.4199946 0.4199946 0.6965696 0.5806133 0.4204088 0.7146572 0.3248282 0.4483729 0.6707129 0.7624842 0.4486495 0.5910356 0.5186732 0.6437359 0.6437359 0.3535092 0.3535092 0.3868473 0.6069780 0.3628968 0.6098007 0.5739745 0.3644015 0.4268956 0.5172522 0.5016203 0.4338399 0.5175740 0.4420797 0.5022758 0.4438494 0.4655578 0.4351578 0.4264312 0.5969362 0.5086851 0.4914760 0.4785090 0.4726674 0.5015175 0.5015175 0.7009088 0.4600281 0.4972625 0.5504683 0.4667358 0.5697405 0.4455941 0.6209043 
CFBH24352                0.2861078 0.5378686 0.2636172 0.2658288 0.4743798 0.2727615 0.2950566 0.3636709 0.4288935 0.4189514 0.6917307 0.4850450 0.2075767 0.5805918 0.3056296 0.2297060 0.5434330 0.6048873 0.4336974 0.5527592 0.3853823 0.2649686 0.2647126 0.2643705 0.4858535 0.3209519 0.3172735 0.3292557 0.3255915 0.4802605 0.4951949 0.0000000 0.3596307 0.5959960 0.2233472 0.2640180 0.2640180 0.3366590 0.0240137 0.4880516 0.4716094 0.2038346 0.4281166 0.4281166 0.3488613 0.5848301 0.3242304 0.6177537 0.5911139 0.8427477 0.3944121 0.5924531 0.6272380 0.4392719 0.6330850 0.6249920 0.3883868 0.3472394 0.4484675 0.5057745 0.4663713 0.5697023 0.3882472 0.4326857 0.6352575 0.4910297 0.5147064 0.3986804 0.3986804 0.5810777 0.4893035 0.5094966 0.7740480 0.5569539 0.5757989 0.7645015 0.9584084 0.3770868 0.4915970 0.5136460 0.5801382 0.5801382 0.2125516 0.2125516 0.4444004 0.6071301 0.4234283 0.5078776 0.7234282 0.2636172 0.5815477 0.3043616 0.2635623 0.3636554 0.2717765 0.2700622 0.5808656 0.4283248 0.4203679 0.5666998 0.3235704 0.4281199 0.3697234 0.5908090 0.5160233 0.3694579 0.5091128 0.5091128 0.7657650 0.4869072 0.5413816 0.4852568 0.5881227 0.4344512 0.3906788 0.5251787 
CFBH25705                0.2524012 0.4991557 0.2483118 0.0170611 0.4686926 0.2885905 0.2673378 0.1063131 0.5144379 0.5329026 0.4474228 0.3772142 0.2758633 0.4649355 0.2890894 0.2434635 0.4448156 0.4720957 0.3666408 0.4496463 0.3050651 0.2468688 0.1604845 0.0084021 0.3453483 0.4006784 0.3889351 0.4043852 0.3926047 0.4948097 0.4068375 0.3596307 0.0000000 0.4735054 0.2490111 0.0170611 0.0170611 0.2666310 0.3268071 0.4217629 0.5158374 0.2672714 0.3483120 0.3483120 0.4361050 0.4669140 0.1654186 0.5022000 0.4391329 0.6014229 0.3308032 0.5313980 0.4770927 0.3280867 0.3267659 0.3330943 0.2886217 0.2852744 0.4670481 0.5045737 0.5010065 0.5204686 0.4773862 0.4585998 0.4903149 0.4690769 0.5159181 0.2777217 0.2777217 0.6713103 0.6231211 0.3445201 0.7320196 0.3965541 0.4217019 0.7606330 0.6622928 0.3255587 0.5141846 0.4833574 0.5469367 0.5469367 0.3121888 0.3121888 0.4420091 0.5605107 0.3992466 0.5157042 0.4132833 0.2483118 0.4712236 0.3061274 0.0142314 0.1041615 0.0148033 0.2804365 0.4026772 0.5220525 0.3628353 0.4786430 0.4267692 0.4015642 0.4199940 0.3774408 0.4720669 0.3362284 0.4308810 0.4308810 0.7719286 0.3837428 0.3863283 0.4561027 0.5166446 0.3643239 0.3336327 0.6815677 
