71
AY844571_D_anceps             0.0000000 0.0180909 0.0032557 0.0361913 0.0069320 0.0139861 0.0270352 0.0105065 0.0312348 0.0070248 0.0105366 0.0275196 0.0277350 0.0267833 0.0148280 0.0106520 0.0225599 0.0105916 0.0180215 0.0141535 0.0141535 0.0000010 0.0304972 0.0307511 0.0142003 0.0142697 0.0272753 0.0108394 0.0180214 0.0180214 0.0105065 0.0141535 0.0180214 0.0187503 0.0148280 0.0183248 0.0277350 0.0034300 0.0220387 0.0259723 0.0265516 0.0105917 0.0220387 0.0263333 0.0069320 0.0218545 0.0313389 0.0272968 0.0271864 0.0268112 0.0548454 0.0105105 0.0105105 0.0069320 0.0306591 0.0105917 0.0139861 0.0261184 0.0142751 0.0142697 0.0142751 0.0178032 0.0263332 0.0034300 0.0106348 0.0185900 0.0185900 0.0120286 0.0106782 0.0271864 0.0270352 
CFBH_D_jimi                   0.0180909 0.0000000 0.0221164 0.0427996 0.0171000 0.0356752 0.0293665 0.0135259 0.0334118 0.0173416 0.0135637 0.0388188 0.0391561 0.0291034 0.0256270 0.0137105 0.0254278 0.0065638 0.0172298 0.0135259 0.0135259 0.0180909 0.0326498 0.0329099 0.0134635 0.0032438 0.0384850 0.0139408 0.0000022 0.0000022 0.0135259 0.0170938 0.0065614 0.0213720 0.0256270 0.0249908 0.0391561 0.0135308 0.0326496 0.0366537 0.0288629 0.0209093 0.0326496 0.0286364 0.0100319 0.0242715 0.0335188 0.0296375 0.0295225 0.0291290 0.0563493 0.0207498 0.0207498 0.0100319 0.0328209 0.0209093 0.0356752 0.0284131 0.0099596 0.0032438 0.0099596 0.0205854 0.0247871 0.0135308 0.0136883 0.0211972 0.0211972 0.0237091 0.0210789 0.0295225 0.0293665 
CFBH13210_D_anceps            0.0032557 0.0221164 0.0000000 0.0410202 0.0105916 0.0178313 0.0315014 0.0142697 0.0358205 0.0107397 0.0143117 0.0320715 0.0323395 0.0312003 0.0189007 0.0144758 0.0268223 0.0143877 0.0220306 0.0180214 0.0180214 0.0032557 0.0349497 0.0352428 0.0180823 0.0181720 0.0317841 0.0147293 0.0220305 0.0220305 0.0142697 0.0180214 0.0220305 0.0229360 0.0189007 0.0184186 0.0323395 0.0069874 0.0261941 0.0302362 0.0309275 0.0143878 0.0261941 0.0306704 0.0105916 0.0259723 0.0359429 0.0318087 0.0316781 0.0312262 0.0493362 0.0142751 0.0142751 0.0105916 0.0351485 0.0143878 0.0178313 0.0304170 0.0181788 0.0181720 0.0181788 0.0220387 0.0306702 0.0069874 0.0144509 0.0227370 0.0227370 0.0163778 0.0145077 0.0316781 0.0315014 
CFBH14401_D_minutus           0.0361913 0.0427996 0.0410202 0.0000000 0.0341750 0.0576961 0.0471505 0.0384091 0.0516617 0.0347582 0.0385375 0.0400902 0.0453467 0.0101826 0.0450239 0.0295139 0.0538644 0.0341007 0.0475410 0.0427289 0.0427289 0.0361913 0.0474412 0.0215722 0.0378994 0.0383220 0.0397324 0.0397172 0.0426283 0.0426283 0.0384091 0.0427289 0.0426283 0.0292765 0.0450239 0.0339506 0.0453467 0.0300266 0.0255269 0.0295180 0.0532290 0.0217949 0.0255269 0.0527888 0.0341750 0.0470353 0.0518444 0.0297924 0.0296762 0.0374328 0.0642127 0.0384223 0.0384223 0.0341750 0.0579503 0.0217949 0.0576961 0.0419811 0.0383352 0.0383220 0.0383352 0.0426426 0.0527875 0.0300266 0.0295743 0.0377377 0.0377377 0.0340748 0.0390832 0.0296762 0.0471505 
CFBH14964_D_elegans           0.0069320 0.0171000 0.0105916 0.0341750 0.0000000 0.0227558 0.0255281 0.0032336 0.0295106 0.0066255 0.0099504 0.0259631 0.0261532 0.0253022 0.0139810 0.0100535 0.0213084 0.0099998 0.0170377 0.0133780 0.0133780 0.0069320 0.0288494 0.0290788 0.0065603 0.0134821 0.0257432 0.0102217 0.0170376 0.0170376 0.0032336 0.0133780 0.0170376 0.0176912 0.0139810 0.0136482 0.0261532 0.0032348 0.0208394 0.0245736 0.0250934 0.0099999 0.0208394 0.0248968 0.0065427 0.0134821 0.0217014 0.0257638 0.0256644 0.0176911 0.0422005 0.0099271 0.0099271 0.0065427 0.0289924 0.0099999 0.0227558 0.0247031 0.0134870 0.0134821 0.0134870 0.0170437 0.0248968 0.0032348 0.0100381 0.0175473 0.0175473 0.0112778 0.0100774 0.0256644 0.0255281 
CFBH15203_D_berthalutzae      0.0139861 0.0356752 0.0178313 0.0576961 0.0227558 0.0000000 0.0360938 0.0268302 0.0405163 0.0231216 0.0269172 0.0367488 0.0370745 0.0462396 0.0231324 0.0272742 0.0302643 0.0270667 0.0355292 0.0309844 0.0309844 0.0139861 0.0501406 0.0505679 0.0310982 0.0312583 0.0277486 0.0181819 0.0355296 0.0355296 0.0268302 0.0309844 0.0355296 0.0370741 0.0231324 0.0317359 0.0370745 0.0187614 0.0231494 0.0272970 0.0458246 0.0270667 0.0231494 0.0454322 0.0227558 0.0398944 0.0517316 0.0472071 0.0470033 0.0462570 0.0804292 0.0268402 0.0268402 0.0227558 0.0504955 0.0270667 0.0000010 0.0360840 0.0312697 0.0312583 0.0312697 0.0355423 0.0454313 0.0187614 0.0272170 0.0367379 0.0367379 0.0311005 0.0273073 0.0470033 0.0360938 
CFBH15869_D_soaresi           0.0270352 0.0293665 0.0315014 0.0471505 0.0255281 0.0360938 0.0000000 0.0295002 0.0032336 0.0259297 0.0295933 0.0307338 0.0309781 0.0330484 0.0181052 0.0299784 0.0349570 0.0214574 0.0380057 0.0335524 0.0335524 0.0270352 0.0341294 0.0429827 0.0293553 0.0253156 0.0304673 0.0304738 0.0292535 0.0292535 0.0295002 0.0335524 0.0214495 0.0136654 0.0181052 0.0288307 0.0309781 0.0216355 0.0426300 0.0469955 0.0301624 0.0297510 0.0426300 0.0299162 0.0255281 0.0253156 0.0174541 0.0213175 0.0212372 0.0209737 0.0645889 0.0216355 0.0216355 0.0255281 0.0260815 0.0297510 0.0360938 0.0245494 0.0253246 0.0253156 0.0253246 0.0214574 0.0382538 0.0216355 0.0247408 0.0066230 0.0066230 0.0294052 0.0300061 0.0212372 0.0000010 
CFBH15885_D_minusculus        0.0105065 0.0135259 0.0142697 0.0384091 0.0032336 0.0268302 0.0295002 0.0000000 0.0335640 0.0100535 0.0065577 0.0300061 0.0302370 0.0292348 0.0176787 0.0066230 0.0175555 0.0065898 0.0134773 0.0099198 0.0099198 0.0105065 0.0327960 0.0330575 0.0032420 0.0099961 0.0297511 0.0067346 0.0134772 0.0134772 0.0000010 0.0099198 0.0134772 0.0214672 0.0176787 0.0172542 0.0302370 0.0065427 0.0245736 0.0283812 0.0289924 0.0134822 0.0245736 0.0287638 0.0032336 0.0170376 0.0256072 0.0297732 0.0296576 0.0214671 0.0469115 0.0133828 0.0133828 0.0032336 0.0329682 0.0134822 0.0268302 0.0285386 0.0099998 0.0099961 0.0099998 0.0206737 0.0287637 0.0065427 0.0066134 0.0212914 0.0212914 0.0152252 0.0135871 0.0296576 0.0295002 
CFBH18575_D_soaresi           0.0312348 0.0334118 0.0358205 0.0516617 0.0295106 0.0405163 0.0032336 0.0335640 0.0000000 0.0299891 0.0336718 0.0349610 0.0352538 0.0371263 0.0219808 0.0341228 0.0392817 0.0253246 0.0422677 0.0376976 0.0376976 0.0312348 0.0383459 0.0473975 0.0334001 0.0292637 0.0346585 0.0346782 0.0332825 0.0332825 0.0335640 0.0376976 0.0253156 0.0172837 0.0219808 0.0327971 0.0352538 0.0255373 0.0470108 0.0514593 0.0343312 0.0338500 0.0470108 0.0340488 0.0295106 0.0292637 0.0211974 0.0251649 0.0250693 0.0247495 0.0699294 0.0255373 0.0255373 0.0295106 0.0301624 0.0338500 0.0405163 0.0283718 0.0292740 0.0292637 0.0292740 0.0253246 0.0425570 0.0255373 0.0285945 0.0100535 0.0100535 0.0340374 0.0341410 0.0250693 0.0032336 
CFBH18721_D_bipunctatus       0.0070248 0.0173416 0.0107397 0.0347582 0.0066255 0.0231216 0.0259297 0.0100535 0.0299891 0.0000000 0.0100812 0.0263804 0.0265779 0.0256968 0.0141796 0.0101870 0.0216275 0.0101319 0.0172775 0.0135579 0.0135579 0.0070248 0.0251024 0.0295413 0.0136012 0.0136653 0.0261532 0.0103597 0.0172774 0.0172774 0.0100535 0.0135579 0.0172774 0.0179510 0.0141796 0.0138372 0.0265779 0.0032743 0.0211446 0.0249439 0.0254812 0.0101320 0.0211446 0.0252781 0.0066255 0.0209737 0.0300858 0.0261744 0.0260707 0.0257232 0.0469280 0.0100572 0.0100572 0.0066255 0.0294530 0.0101320 0.0231216 0.0250782 0.0136703 0.0136653 0.0136703 0.0172837 0.0252781 0.0032743 0.0101713 0.0178029 0.0178029 0.0114473 0.0102115 0.0260707 0.0259297 
CFBH18764_D_branneri          0.0105366 0.0135637 0.0143117 0.0385375 0.0099504 0.0269172 0.0295933 0.0065577 0.0336718 0.0100812 0.0000000 0.0301024 0.0303352 0.0293261 0.0177311 0.0066408 0.0103238 0.0066075 0.0135149 0.0099468 0.0099468 0.0105366 0.0328985 0.0331617 0.0099779 0.0100235 0.0298458 0.0067531 0.0135148 0.0135148 0.0065577 0.0099468 0.0135148 0.0215310 0.0177311 0.0173040 0.0303352 0.0065602 0.0246466 0.0284671 0.0290822 0.0135198 0.0246466 0.0288522 0.0032420 0.0244485 0.0337806 0.0298682 0.0297517 0.0293518 0.0568211 0.0134199 0.0134199 0.0032420 0.0330721 0.0135198 0.0269172 0.0286256 0.0100272 0.0100235 0.0100272 0.0207336 0.0288521 0.0065602 0.0066312 0.0213550 0.0213550 0.0152734 0.0136254 0.0297517 0.0295933 
CFBH18782_D_decipiens         0.0275196 0.0388188 0.0320715 0.0400902 0.0259631 0.0367488 0.0307338 0.0300061 0.0349610 0.0263804 0.0301024 0.0000000 0.0032697 0.0304364 0.0101562 0.0305011 0.0265860 0.0302645 0.0386631 0.0341291 0.0341291 0.0275196 0.0347237 0.0344247 0.0342528 0.0344244 0.0065922 0.0310128 0.0386636 0.0386636 0.0300061 0.0341291 0.0302536 0.0403098 0.0101562 0.0349464 0.0032697 0.0220025 0.0255373 0.0295109 0.0399323 0.0302644 0.0255373 0.0485612 0.0259631 0.0344244 0.0454503 0.0504194 0.0502056 0.0309897 0.0482615 0.0220025 0.0220025 0.0259631 0.0444025 0.0302644 0.0367488 0.0392624 0.0344365 0.0344244 0.0344365 0.0302645 0.0485602 0.0220025 0.0304362 0.0399529 0.0399529 0.0158668 0.0220024 0.0502056 0.0307338 
CFBH18799_D_oliveirai         0.0277350 0.0391561 0.0323395 0.0453467 0.0261532 0.0370745 0.0309781 0.0302370 0.0352538 0.0265779 0.0303352 0.0032697 0.0000000 0.0351481 0.0102116 0.0307425 0.0267865 0.0305011 0.0389973 0.0344068 0.0344068 0.0277350 0.0395950 0.0392493 0.0345329 0.0347075 0.0101162 0.0312628 0.0389977 0.0389977 0.0302370 0.0344068 0.0304900 0.0406776 0.0102116 0.0352404 0.0000010 0.0221546 0.0299270 0.0340491 0.0402930 0.0305009 0.0299270 0.0490370 0.0261532 0.0347075 0.0458948 0.0509381 0.0507193 0.0357907 0.0541686 0.0221546 0.0221546 0.0261532 0.0448221 0.0305009 0.0370745 0.0396085 0.0347198 0.0347075 0.0347198 0.0305011 0.0490360 0.0221546 0.0306764 0.0403135 0.0403135 0.0158668 0.0221546 0.0507193 0.0309781 
CFBH19176_D_minutus           0.0267833 0.0291034 0.0312003 0.0101826 0.0253022 0.0462396 0.0330484 0.0292348 0.0371263 0.0256968 0.0293261 0.0304364 0.0351481 0.0000000 0.0349336 0.0297035 0.0432367 0.0212717 0.0376461 0.0332446 0.0332446 0.0267833 0.0332565 0.0101123 0.0290924 0.0250934 0.0301735 0.0301901 0.0289925 0.0289925 0.0292348 0.0332446 0.0289925 0.0171588 0.0349336 0.0251553 0.0351481 0.0214474 0.0173867 0.0210988 0.0381999 0.0138571 0.0173867 0.0378888 0.0253022 0.0329797 0.0372460 0.0249629 0.0248691 0.0245551 0.0468446 0.0292451 0.0292451 0.0253022 0.0424715 0.0138571 0.0462396 0.0285929 0.0251024 0.0250934 0.0251024 0.0290026 0.0378884 0.0214474 0.0211470 0.0247462 0.0247462 0.0241803 0.0297315 0.0248691 0.0330484 
CFBH19472_D_haddadi           0.0148280 0.0256270 0.0189007 0.0450239 0.0139810 0.0231324 0.0181052 0.0176787 0.0219808 0.0141796 0.0177311 0.0101562 0.0102116 0.0349336 0.0000000 0.0179385 0.0223326 0.0178247 0.0255280 0.0214574 0.0214574 0.0148280 0.0302645 0.0389995 0.0215299 0.0216355 0.0100775 0.0182455 0.0255281 0.0255281 0.0176787 0.0214574 0.0178180 0.0265748 0.0000010 0.0219334 0.0102116 0.0103638 0.0297617 0.0338503 0.0263171 0.0178248 0.0297617 0.0343433 0.0139810 0.0216355 0.0311008 0.0356181 0.0354716 0.0265749 0.0651709 0.0103638 0.0103638 0.0139810 0.0304251 0.0178248 0.0231324 0.0258876 0.0216435 0.0216355 0.0216435 0.0178247 0.0343430 0.0103638 0.0179065 0.0263449 0.0263449 0.0202815 0.0179731 0.0354716 0.0181052 
CFBH19993_D_nanus             0.0106520 0.0137105 0.0144758 0.0295139 0.0100535 0.0272742 0.0299784 0.0066230 0.0341228 0.0101870 0.0066408 0.0305011 0.0307425 0.0297035 0.0179385 0.0000000 0.0178113 0.0066737 0.0136603 0.0100497 0.0100497 0.0106520 0.0333264 0.0335968 0.0100814 0.0101281 0.0302370 0.0068223 0.0136602 0.0136602 0.0066230 0.0100497 0.0136602 0.0217917 0.0179385 0.0175000 0.0307425 0.0066255 0.0249439 0.0288208 0.0294530 0.0136654 0.0249439 0.0292168 0.0032730 0.0247408 0.0342348 0.0302610 0.0301410 0.0297293 0.0577515 0.0135629 0.0135629 0.0032730 0.0335058 0.0136654 0.0272742 0.0289842 0.0101319 0.0101281 0.0101319 0.0209737 0.0292167 0.0066255 0.0066980 0.0216100 0.0216100 0.0154626 0.0137743 0.0301410 0.0299784 
CFBH20829_D_branneri          0.0225599 0.0254278 0.0268223 0.0538644 0.0213084 0.0302643 0.0349570 0.0175555 0.0392817 0.0216275 0.0103238 0.0265860 0.0267865 0.0432367 0.0223326 0.0178113 0.0000000 0.0176994 0.0253305 0.0213006 0.0213006 0.0225599 0.0383244 0.0473282 0.0213720 0.0214756 0.0352663 0.0100050 0.0253305 0.0253305 0.0175555 0.0213006 0.0176928 0.0346462 0.0223326 0.0296901 0.0267865 0.0175620 0.0376922 0.0418888 0.0343248 0.0253396 0.0376922 0.0425164 0.0138884 0.0292715 0.0394158 0.0440893 0.0439090 0.0346465 0.0632412 0.0175620 0.0175620 0.0138884 0.0385489 0.0253396 0.0302643 0.0337661 0.0214834 0.0214756 0.0214834 0.0253396 0.0425157 0.0175620 0.0177798 0.0343483 0.0343483 0.0197565 0.0175619 0.0439090 0.0349570 
CFBH21788_D_cachimbo          0.0105916 0.0065638 0.0143877 0.0341007 0.0099998 0.0270667 0.0214574 0.0065898 0.0253246 0.0101319 0.0066075 0.0302645 0.0305011 0.0212717 0.0178247 0.0066737 0.0176994 0.0000000 0.0135822 0.0099961 0.0099961 0.0105916 0.0247736 0.0249681 0.0065603 0.0032336 0.0300061 0.0067870 0.0065402 0.0065402 0.0065898 0.0099961 0.0065402 0.0138816 0.0178247 0.0173931 0.0305011 0.0065923 0.0247736 0.0286135 0.0210988 0.0135872 0.0247736 0.0209362 0.0032576 0.0169104 0.0254025 0.0216536 0.0215699 0.0212990 0.0465018 0.0134870 0.0134870 0.0032576 0.0248880 0.0135872 0.0270667 0.0207760 0.0032348 0.0032336 0.0032348 0.0133827 0.0209362 0.0065923 0.0066640 0.0137709 0.0137709 0.0153604 0.0136948 0.0215699 0.0214574 
CFBH22226_D_pseudomeridianus  0.0180215 0.0172298 0.0220306 0.0475410 0.0170377 0.0355292 0.0380057 0.0134773 0.0422677 0.0172775 0.0135149 0.0386631 0.0389973 0.0376461 0.0255280 0.0136603 0.0253305 0.0135822 0.0000000 0.0032552 0.0032552 0.0180215 0.0412505 0.0415809 0.0170860 0.0171667 0.0383319 0.0138885 0.0208247 0.0208247 0.0134773 0.0099925 0.0208247 0.0294962 0.0255280 0.0248968 0.0389973 0.0134822 0.0325269 0.0365142 0.0373309 0.0208321 0.0325269 0.0370333 0.0099962 0.0322621 0.0424097 0.0383585 0.0382069 0.0376670 0.0672044 0.0206737 0.0206737 0.0099962 0.0414945 0.0208321 0.0355292 0.0367395 0.0171729 0.0171667 0.0171729 0.0283811 0.0289922 0.0134822 0.0136382 0.0292500 0.0292500 0.0236102 0.0210004 0.0382069 0.0380057 
CFBH22236_D_meridianus        0.0141535 0.0135259 0.0180214 0.0427289 0.0133780 0.0309844 0.0335524 0.0099198 0.0376976 0.0135579 0.0099468 0.0341291 0.0344068 0.0332446 0.0214574 0.0100497 0.0213006 0.0099961 0.0032552 0.0000000 0.0000010 0.0141535 0.0368166 0.0371103 0.0134147 0.0134772 0.0338385 0.0102178 0.0170315 0.0170315 0.0099198 0.0065379 0.0170315 0.0253202 0.0214574 0.0209362 0.0344068 0.0099234 0.0283812 0.0322623 0.0329682 0.0170377 0.0283812 0.0327074 0.0065403 0.0281525 0.0378211 0.0338626 0.0337306 0.0332681 0.0615749 0.0169105 0.0169105 0.0065403 0.0370209 0.0170377 0.0309844 0.0324502 0.0134821 0.0134772 0.0134821 0.0243766 0.0248880 0.0099234 0.0100344 0.0251114 0.0251114 0.0192656 0.0171728 0.0337306 0.0335524 
CFBH22239_D_meridianus        0.0141535 0.0135259 0.0180214 0.0427289 0.0133780 0.0309844 0.0335524 0.0099198 0.0376976 0.0135579 0.0099468 0.0341291 0.0344068 0.0332446 0.0214574 0.0100497 0.0213006 0.0099961 0.0032552 0.0000010 0.0000000 0.0141535 0.0368166 0.0371103 0.0134147 0.0134772 0.0338385 0.0102178 0.0170315 0.0170315 0.0099198 0.0065379 0.0170315 0.0253202 0.0214574 0.0209362 0.0344068 0.0099234 0.0283812 0.0322623 0.0329682 0.0170377 0.0283812 0.0327074 0.0065403 0.0281525 0.0378211 0.0338626 0.0337306 0.0332681 0.0615749 0.0169105 0.0169105 0.0065403 0.0370209 0.0170377 0.0309844 0.0324502 0.0134821 0.0134772 0.0134821 0.0243766 0.0248880 0.0099234 0.0100344 0.0251114 0.0251114 0.0192656 0.0171728 0.0337306 0.0335524 
CFBH22999_D_anceps            0.0000010 0.0180909 0.0032557 0.0361913 0.0069320 0.0139861 0.0270352 0.0105065 0.0312348 0.0070248 0.0105366 0.0275196 0.0277350 0.0267833 0.0148280 0.0106520 0.0225599 0.0105916 0.0180215 0.0141535 0.0141535 0.0000000 0.0304972 0.0307511 0.0142003 0.0142697 0.0272753 0.0108394 0.0180214 0.0180214 0.0105065 0.0141535 0.0180214 0.0187503 0.0148280 0.0144564 0.0277350 0.0034300 0.0220387 0.0259723 0.0265516 0.0105917 0.0220387 0.0263333 0.0069320 0.0218545 0.0313389 0.0272968 0.0271864 0.0268112 0.0548454 0.0105105 0.0105105 0.0069320 0.0306591 0.0105917 0.0139861 0.0261184 0.0142751 0.0142697 0.0142751 0.0180281 0.0263332 0.0034300 0.0106348 0.0185900 0.0185900 0.0120286 0.0106782 0.0271864 0.0270352 
CFBH23532                     0.0304972 0.0326498 0.0349497 0.0474412 0.0288494 0.0501406 0.0341294 0.0327960 0.0383459 0.0251024 0.0328985 0.0347237 0.0395950 0.0332565 0.0302645 0.0333264 0.0383244 0.0247736 0.0412505 0.0368166 0.0368166 0.0304972 0.0000000 0.0286137 0.0326384 0.0286136 0.0344247 0.0338576 0.0325273 0.0325273 0.0327960 0.0368166 0.0247649 0.0338340 0.0302645 0.0376723 0.0395950 0.0249769 0.0368291 0.0409251 0.0250935 0.0330688 0.0368291 0.0327189 0.0288494 0.0286136 0.0384736 0.0430266 0.0428545 0.0253293 0.0561262 0.0249769 0.0249769 0.0288494 0.0289926 0.0330688 0.0501406 0.0329912 0.0286234 0.0286136 0.0286234 0.0247736 0.0415229 0.0249769 0.0332563 0.0335491 0.0335491 0.0236195 0.0249769 0.0428545 0.0341294 
CFBH24153_D_minutus           0.0307511 0.0329099 0.0352428 0.0215722 0.0290788 0.0505679 0.0429827 0.0330575 0.0473975 0.0295413 0.0331617 0.0344247 0.0392493 0.0101123 0.0389995 0.0335968 0.0473282 0.0249681 0.0415809 0.0371103 0.0371103 0.0307511 0.0286137 0.0000000 0.0328985 0.0288394 0.0341294 0.0341354 0.0327849 0.0327849 0.0330575 0.0371103 0.0327849 0.0255324 0.0389995 0.0379793 0.0392493 0.0251745 0.0210003 0.0247649 0.0332448 0.0174427 0.0210003 0.0329799 0.0290788 0.0368166 0.0475619 0.0341542 0.0340196 0.0335491 0.0512617 0.0330688 0.0330688 0.0290788 0.0373317 0.0174427 0.0505679 0.0415229 0.0288494 0.0288394 0.0288494 0.0327960 0.0418582 0.0251745 0.0335254 0.0338223 0.0338223 0.0194386 0.0251745 0.0340196 0.0429827 
CFBH24352_D_rubicundulus      0.0142003 0.0134635 0.0180823 0.0378994 0.0065603 0.0310982 0.0293553 0.0032420 0.0334001 0.0136012 0.0099779 0.0342528 0.0345329 0.0290924 0.0215299 0.0100814 0.0213720 0.0065603 0.0170860 0.0134147 0.0134147 0.0142003 0.0326384 0.0328985 0.0000000 0.0099509 0.0339599 0.0102503 0.0134147 0.0134147 0.0032420 0.0134147 0.0134147 0.0213627 0.0215299 0.0210052 0.0345329 0.0099545 0.0284769 0.0323727 0.0288520 0.0170921 0.0284769 0.0286257 0.0065603 0.0169581 0.0254808 0.0296262 0.0295113 0.0213626 0.0466717 0.0169642 0.0169642 0.0065603 0.0328094 0.0170921 0.0310982 0.0284025 0.0032432 0.0099509 0.0032432 0.0205765 0.0286256 0.0099545 0.0100660 0.0211879 0.0211879 0.0193346 0.0172279 0.0295113 0.0293553 
CFBH25705_D_jimi              0.0142697 0.0032438 0.0181720 0.0383220 0.0134821 0.0312583 0.0253156 0.0099961 0.0292637 0.0136653 0.0100235 0.0344244 0.0347075 0.0250934 0.0216355 0.0101281 0.0214756 0.0032336 0.0171667 0.0134772 0.0134772 0.0142697 0.0286136 0.0288394 0.0099509 0.0000000 0.0341291 0.0102987 0.0032324 0.0032324 0.0099961 0.0134772 0.0032324 0.0175473 0.0216355 0.0211064 0.0347075 0.0099998 0.0286135 0.0325271 0.0248880 0.0171729 0.0286135 0.0246945 0.0065898 0.0205104 0.0293554 0.0255480 0.0254497 0.0251203 0.0512605 0.0170437 0.0170437 0.0065898 0.0287538 0.0171729 0.0312583 0.0245039 0.0065427 0.0000010 0.0065427 0.0169104 0.0246944 0.0099998 0.0101125 0.0174067 0.0174067 0.0194386 0.0173103 0.0254497 0.0253156 
CFBH26580_D_oliveirai         0.0272753 0.0384850 0.0317841 0.0397324 0.0257432 0.0277486 0.0304673 0.0297511 0.0346585 0.0261532 0.0298458 0.0065922 0.0101162 0.0301735 0.0100775 0.0302370 0.0352663 0.0300061 0.0383319 0.0338385 0.0338385 0.0272753 0.0344247 0.0341294 0.0339599 0.0341291 0.0000000 0.0307411 0.0383323 0.0383323 0.0297511 0.0338385 0.0299954 0.0399523 0.0100775 0.0346427 0.0101162 0.0218175 0.0176785 0.0214573 0.0395801 0.0300060 0.0176785 0.0481414 0.0257432 0.0341291 0.0450439 0.0499715 0.0497610 0.0307183 0.0588223 0.0218175 0.0218175 0.0257432 0.0440135 0.0300060 0.0277486 0.0389210 0.0341410 0.0341291 0.0341410 0.0300061 0.0481404 0.0218175 0.0301733 0.0396008 0.0396008 0.0246523 0.0302645 0.0497610 0.0304673 
CFBH27070_D_cruzi             0.0108394 0.0139408 0.0147293 0.0397172 0.0102217 0.0181819 0.0304738 0.0067346 0.0346782 0.0103597 0.0067531 0.0310128 0.0312628 0.0301901 0.0182455 0.0068223 0.0100050 0.0067870 0.0138885 0.0102178 0.0102178 0.0108394 0.0338576 0.0341354 0.0102503 0.0102987 0.0307411 0.0000000 0.0138884 0.0138884 0.0067346 0.0102178 0.0138884 0.0221599 0.0182455 0.0177931 0.0312628 0.0067372 0.0253487 0.0292817 0.0299331 0.0138937 0.0253487 0.0296901 0.0033285 0.0251395 0.0347927 0.0307651 0.0306412 0.0302160 0.0586669 0.0137881 0.0137881 0.0033285 0.0340432 0.0138937 0.0181819 0.0294507 0.0103026 0.0102987 0.0103026 0.0213161 0.0296900 0.0067372 0.0068122 0.0219726 0.0219726 0.0157521 0.0140061 0.0306412 0.0304738 
CFBH32780_D_cerradensis       0.0180214 0.0000022 0.0220305 0.0426283 0.0170376 0.0355296 0.0292535 0.0134772 0.0332825 0.0172774 0.0135148 0.0386636 0.0389977 0.0289925 0.0255281 0.0136602 0.0253305 0.0065402 0.0208247 0.0170315 0.0170315 0.0180214 0.0325273 0.0327849 0.0134147 0.0032324 0.0383323 0.0138884 0.0000000 0.0000010 0.0134772 0.0170315 0.0065378 0.0212914 0.0255281 0.0248968 0.0389977 0.0134821 0.0325271 0.0365146 0.0287538 0.0208321 0.0325271 0.0285288 0.0099961 0.0241828 0.0333888 0.0295225 0.0294084 0.0290180 0.0561061 0.0206737 0.0206737 0.0099961 0.0326963 0.0208321 0.0355296 0.0283071 0.0099233 0.0032324 0.0099233 0.0205104 0.0285288 0.0134821 0.0136381 0.0211184 0.0211184 0.0236102 0.0210003 0.0294084 0.0292535 
CFBH32783_D_cerradensis       0.0180214 0.0000022 0.0220305 0.0426283 0.0170376 0.0355296 0.0292535 0.0134772 0.0332825 0.0172774 0.0135148 0.0386636 0.0389977 0.0289925 0.0255281 0.0136602 0.0253305 0.0065402 0.0208247 0.0170315 0.0170315 0.0180214 0.0325273 0.0327849 0.0134147 0.0032324 0.0383323 0.0138884 0.0000010 0.0000000 0.0134772 0.0170315 0.0065378 0.0212914 0.0255281 0.0248968 0.0389977 0.0134821 0.0325271 0.0365146 0.0287538 0.0208321 0.0325271 0.0285288 0.0099961 0.0241828 0.0333888 0.0295225 0.0294084 0.0290180 0.0561061 0.0206737 0.0206737 0.0099961 0.0326963 0.0208321 0.0355296 0.0283071 0.0099233 0.0032324 0.0099233 0.0205104 0.0285288 0.0134821 0.0136381 0.0211184 0.0211184 0.0236102 0.0210003 0.0294084 0.0292535 
CFBHT11320_D_minusculus       0.0105065 0.0135259 0.0142697 0.0384091 0.0032336 0.0268302 0.0295002 0.0000010 0.0335640 0.0100535 0.0065577 0.0300061 0.0302370 0.0292348 0.0176787 0.0066230 0.0175555 0.0065898 0.0134773 0.0099198 0.0099198 0.0105065 0.0327960 0.0330575 0.0032420 0.0099961 0.0297511 0.0067346 0.0134772 0.0134772 0.0000000 0.0099198 0.0134772 0.0214672 0.0176787 0.0172542 0.0302370 0.0065427 0.0245736 0.0283812 0.0289924 0.0134822 0.0245736 0.0287638 0.0032336 0.0170376 0.0256072 0.0297732 0.0296576 0.0214671 0.0469115 0.0133828 0.0133828 0.0032336 0.0329682 0.0134822 0.0268302 0.0285386 0.0099998 0.0099961 0.0099998 0.0206737 0.0287637 0.0065427 0.0066134 0.0212914 0.0212914 0.0152252 0.0135871 0.0296576 0.0295002 
CFBHT4969_D_werneri           0.0141535 0.0170938 0.0180214 0.0427289 0.0133780 0.0309844 0.0335524 0.0099198 0.0376976 0.0135579 0.0099468 0.0341291 0.0344068 0.0332446 0.0214574 0.0100497 0.0213006 0.0099961 0.0099925 0.0065379 0.0065379 0.0141535 0.0368166 0.0371103 0.0134147 0.0134772 0.0338385 0.0102178 0.0170315 0.0170315 0.0099198 0.0000000 0.0170315 0.0253202 0.0214574 0.0209362 0.0344068 0.0099234 0.0283812 0.0322623 0.0329682 0.0170377 0.0283812 0.0327074 0.0065403 0.0281525 0.0378211 0.0338626 0.0337306 0.0332681 0.0615749 0.0169105 0.0169105 0.0065403 0.0370209 0.0170377 0.0309844 0.0324502 0.0134821 0.0134772 0.0134821 0.0243766 0.0327071 0.0099234 0.0100344 0.0251114 0.0251114 0.0152252 0.0171728 0.0337306 0.0335524 
CHUNB34455_D_cachimbo         0.0180214 0.0065614 0.0220305 0.0426283 0.0170376 0.0355296 0.0214495 0.0134772 0.0253156 0.0172774 0.0135148 0.0302536 0.0304900 0.0289925 0.0178180 0.0136602 0.0176928 0.0065402 0.0208247 0.0170315 0.0170315 0.0180214 0.0247649 0.0327849 0.0134147 0.0032324 0.0299954 0.0138884 0.0065378 0.0065378 0.0134772 0.0170315 0.0000000 0.0212914 0.0178180 0.0248968 0.0304900 0.0134821 0.0325271 0.0365146 0.0210913 0.0208321 0.0325271 0.0285288 0.0099961 0.0169044 0.0253934 0.0295225 0.0294084 0.0212913 0.0561061 0.0134821 0.0134821 0.0099961 0.0248792 0.0208321 0.0355296 0.0207687 0.0099233 0.0032324 0.0099233 0.0133779 0.0285288 0.0134821 0.0136381 0.0211184 0.0211184 0.0236102 0.0210003 0.0294084 0.0214495 
DZUFRJ10507_D_seniculus       0.0187503 0.0213720 0.0229360 0.0292765 0.0176912 0.0370741 0.0136654 0.0214672 0.0172837 0.0179510 0.0215310 0.0403098 0.0406776 0.0171588 0.0265748 0.0217917 0.0346462 0.0138816 0.0294962 0.0253202 0.0253202 0.0187503 0.0338340 0.0255324 0.0213627 0.0175473 0.0399523 0.0221599 0.0212914 0.0212914 0.0214672 0.0253202 0.0212914 0.0000000 0.0265748 0.0209913 0.0406776 0.0139939 0.0338337 0.0379869 0.0299110 0.0138817 0.0338337 0.0217508 0.0176912 0.0251203 0.0248238 0.0066314 0.0066074 0.0208231 0.0586339 0.0214740 0.0214740 0.0176912 0.0258725 0.0138817 0.0370741 0.0243669 0.0175538 0.0175473 0.0175538 0.0212991 0.0296681 0.0139939 0.0171589 0.0065838 0.0065838 0.0202939 0.0218271 0.0066074 0.0136654 
FSFL1467_D_haddadi            0.0148280 0.0256270 0.0189007 0.0450239 0.0139810 0.0231324 0.0181052 0.0176787 0.0219808 0.0141796 0.0177311 0.0101562 0.0102116 0.0349336 0.0000010 0.0179385 0.0223326 0.0178247 0.0255280 0.0214574 0.0214574 0.0148280 0.0302645 0.0389995 0.0215299 0.0216355 0.0100775 0.0182455 0.0255281 0.0255281 0.0176787 0.0214574 0.0178180 0.0265748 0.0000000 0.0219334 0.0102116 0.0103638 0.0297617 0.0338503 0.0263171 0.0178248 0.0297617 0.0343433 0.0139810 0.0216355 0.0311008 0.0356181 0.0354716 0.0265749 0.0651709 0.0103638 0.0103638 0.0139810 0.0304251 0.0178248 0.0231324 0.0258876 0.0216435 0.0216355 0.0216435 0.0178247 0.0343430 0.0103638 0.0179065 0.0263449 0.0263449 0.0202815 0.0179731 0.0354716 0.0181052 
H-12939_D_miyatai             0.0183248 0.0249908 0.0184186 0.0339506 0.0136482 0.0317359 0.0288307 0.0172542 0.0327971 0.0138372 0.0173040 0.0349464 0.0352404 0.0251553 0.0219334 0.0175000 0.0296901 0.0173931 0.0248968 0.0209362 0.0209362 0.0144564 0.0376723 0.0379793 0.0210052 0.0211064 0.0346427 0.0177931 0.0248968 0.0248968 0.0172542 0.0209362 0.0248968 0.0209913 0.0219334 0.0000000 0.0352404 0.0101201 0.0290127 0.0329909 0.0337307 0.0173932 0.0290127 0.0334579 0.0136482 0.0287738 0.0329002 0.0290923 0.0289814 0.0286027 0.0632289 0.0172605 0.0172605 0.0136482 0.0378884 0.0173932 0.0317359 0.0245637 0.0211140 0.0211064 0.0211140 0.0288939 0.0334577 0.0101201 0.0099910 0.0208231 0.0208231 0.0197243 0.0175336 0.0289814 0.0288307 
JF2320_D_decipiens            0.0277350 0.0391561 0.0323395 0.0453467 0.0261532 0.0370745 0.0309781 0.0302370 0.0352538 0.0265779 0.0303352 0.0032697 0.0000010 0.0351481 0.0102116 0.0307425 0.0267865 0.0305011 0.0389973 0.0344068 0.0344068 0.0277350 0.0395950 0.0392493 0.0345329 0.0347075 0.0101162 0.0312628 0.0389977 0.0389977 0.0302370 0.0344068 0.0304900 0.0406776 0.0102116 0.0352404 0.0000000 0.0221546 0.0299270 0.0340491 0.0402930 0.0305009 0.0299270 0.0490370 0.0261532 0.0347075 0.0458948 0.0509381 0.0507193 0.0357907 0.0541686 0.0221546 0.0221546 0.0261532 0.0448221 0.0305009 0.0370745 0.0396085 0.0347198 0.0347075 0.0347198 0.0305011 0.0490360 0.0221546 0.0306764 0.0403135 0.0403135 0.0158668 0.0221546 0.0507193 0.0309781 
LBolsoni3486_D_elegans        0.0034300 0.0135308 0.0069874 0.0300266 0.0032348 0.0187614 0.0216355 0.0065427 0.0255373 0.0032743 0.0065602 0.0220025 0.0221546 0.0214474 0.0103638 0.0066255 0.0175620 0.0065923 0.0134822 0.0099234 0.0099234 0.0034300 0.0249769 0.0251745 0.0099545 0.0099998 0.0218175 0.0067372 0.0134821 0.0134821 0.0065427 0.0099234 0.0134821 0.0139939 0.0103638 0.0101201 0.0221546 0.0000000 0.0171791 0.0208394 0.0212717 0.0065923 0.0171791 0.0211064 0.0032348 0.0170437 0.0256165 0.0218356 0.0217509 0.0214740 0.0469280 0.0065452 0.0065452 0.0032348 0.0250934 0.0065923 0.0187614 0.0209437 0.0100035 0.0099998 0.0100035 0.0134870 0.0211065 0.0000010 0.0066159 0.0138816 0.0138816 0.0074233 0.0066425 0.0217509 0.0216355 
MAR1272_D_columbianus         0.0220387 0.0326496 0.0261941 0.0255269 0.0208394 0.0231494 0.0426300 0.0245736 0.0470108 0.0211446 0.0246466 0.0255373 0.0299270 0.0173867 0.0297617 0.0249439 0.0376922 0.0247736 0.0325269 0.0283812 0.0283812 0.0220387 0.0368291 0.0210003 0.0284769 0.0286135 0.0176785 0.0253487 0.0325271 0.0325271 0.0245736 0.0283812 0.0325271 0.0338337 0.0297617 0.0290127 0.0299270 0.0171791 0.0000000 0.0032335 0.0418582 0.0173104 0.0000010 0.0415229 0.0208394 0.0365266 0.0471726 0.0430259 0.0428538 0.0332797 0.0508198 0.0245821 0.0245821 0.0208394 0.0461343 0.0173104 0.0231494 0.0329909 0.0286233 0.0286135 0.0286233 0.0325381 0.0415223 0.0171791 0.0248968 0.0335488 0.0335488 0.0192732 0.0249769 0.0428538 0.0426300 
MAR1807_D_norandinus          0.0259723 0.0366537 0.0302362 0.0295180 0.0245736 0.0272970 0.0469955 0.0283812 0.0514593 0.0249439 0.0284671 0.0295109 0.0340491 0.0210988 0.0338503 0.0288208 0.0418888 0.0286135 0.0365142 0.0322623 0.0322623 0.0259723 0.0409251 0.0247649 0.0323727 0.0325271 0.0214573 0.0292817 0.0365146 0.0365146 0.0283812 0.0322623 0.0365146 0.0379869 0.0338503 0.0329909 0.0340491 0.0208394 0.0032335 0.0000000 0.0461343 0.0210004 0.0032335 0.0457665 0.0245736 0.0405893 0.0516393 0.0430259 0.0472375 0.0373652 0.0556302 0.0283909 0.0283909 0.0245736 0.0504884 0.0210004 0.0272970 0.0370460 0.0325381 0.0325271 0.0325381 0.0365266 0.0457657 0.0208394 0.0287638 0.0376674 0.0376674 0.0234072 0.0288494 0.0472375 0.0469955 
MAR564_D_padreluna            0.0265516 0.0288629 0.0309275 0.0532290 0.0250934 0.0458246 0.0301624 0.0289924 0.0343312 0.0254812 0.0290822 0.0399323 0.0402930 0.0381999 0.0263171 0.0294530 0.0343248 0.0210988 0.0373309 0.0329682 0.0329682 0.0265516 0.0250935 0.0332448 0.0288520 0.0248880 0.0395801 0.0299331 0.0287538 0.0287538 0.0289924 0.0329682 0.0210913 0.0299110 0.0263171 0.0337307 0.0402930 0.0212717 0.0418582 0.0461343 0.0000000 0.0292347 0.0418582 0.0134657 0.0250934 0.0248880 0.0344445 0.0389350 0.0387785 0.0299111 0.0683964 0.0212717 0.0212717 0.0250934 0.0032281 0.0292347 0.0458246 0.0213733 0.0248968 0.0248880 0.0248968 0.0210988 0.0134658 0.0212717 0.0293931 0.0296577 0.0296577 0.0152251 0.0212717 0.0387785 0.0301624 
MAR832_D_stingi               0.0105917 0.0209093 0.0143878 0.0217949 0.0099999 0.0270667 0.0297510 0.0134822 0.0338500 0.0101320 0.0135198 0.0302644 0.0305009 0.0138571 0.0178248 0.0136654 0.0253396 0.0135872 0.0208321 0.0170377 0.0170377 0.0105917 0.0330688 0.0174427 0.0170921 0.0171729 0.0300060 0.0138937 0.0208321 0.0208321 0.0134822 0.0170377 0.0208321 0.0138817 0.0178248 0.0173932 0.0305009 0.0065923 0.0173104 0.0210004 0.0292347 0.0000000 0.0173104 0.0290025 0.0099999 0.0245736 0.0339599 0.0216536 0.0215699 0.0295067 0.0571130 0.0134871 0.0134871 0.0099999 0.0332444 0.0000010 0.0270667 0.0287737 0.0171791 0.0171729 0.0171791 0.0208395 0.0290024 0.0065923 0.0136432 0.0214672 0.0214672 0.0153605 0.0136949 0.0215699 0.0297510 
MHUA4801_D_bogerti            0.0220387 0.0326496 0.0261941 0.0255269 0.0208394 0.0231494 0.0426300 0.0245736 0.0470108 0.0211446 0.0246466 0.0255373 0.0299270 0.0173867 0.0297617 0.0249439 0.0376922 0.0247736 0.0325269 0.0283812 0.0283812 0.0220387 0.0368291 0.0210003 0.0284769 0.0286135 0.0176785 0.0253487 0.0325271 0.0325271 0.0245736 0.0283812 0.0325271 0.0338337 0.0297617 0.0290127 0.0299270 0.0171791 0.0000010 0.0032335 0.0418582 0.0173104 0.0000000 0.0415229 0.0208394 0.0365266 0.0471726 0.0430259 0.0428538 0.0332797 0.0508198 0.0245821 0.0245821 0.0208394 0.0461343 0.0173104 0.0231494 0.0329909 0.0286233 0.0286135 0.0286233 0.0325381 0.0415223 0.0171791 0.0248968 0.0335488 0.0335488 0.0192732 0.0249769 0.0428538 0.0426300 
MHUA5439_D_subocularis        0.0263333 0.0286364 0.0306704 0.0527888 0.0248968 0.0454322 0.0299162 0.0287638 0.0340488 0.0252781 0.0288522 0.0485612 0.0490370 0.0378888 0.0343433 0.0292168 0.0425164 0.0209362 0.0370333 0.0327074 0.0327074 0.0263333 0.0327189 0.0329799 0.0286257 0.0246945 0.0481414 0.0296901 0.0285288 0.0285288 0.0287638 0.0327074 0.0285288 0.0217508 0.0343433 0.0334579 0.0490370 0.0211064 0.0415229 0.0457665 0.0134657 0.0290025 0.0415229 0.0000000 0.0248968 0.0324504 0.0427021 0.0301974 0.0300781 0.0379097 0.0678298 0.0287738 0.0287738 0.0248968 0.0099835 0.0290025 0.0454322 0.0212061 0.0247031 0.0246945 0.0247031 0.0285387 0.0208157 0.0211064 0.0291579 0.0215699 0.0215699 0.0152313 0.0211064 0.0300781 0.0299162 
MHUA5883_D_microcephalus      0.0069320 0.0100319 0.0105916 0.0341750 0.0065427 0.0227558 0.0255281 0.0032336 0.0295106 0.0066255 0.0032420 0.0259631 0.0261532 0.0253022 0.0139810 0.0032730 0.0138884 0.0032576 0.0099962 0.0065403 0.0065403 0.0069320 0.0288494 0.0290788 0.0065603 0.0065898 0.0257432 0.0033285 0.0099961 0.0099961 0.0032336 0.0065403 0.0099961 0.0176912 0.0139810 0.0136482 0.0261532 0.0032348 0.0208394 0.0245736 0.0250934 0.0099999 0.0208394 0.0248968 0.0000000 0.0206737 0.0296039 0.0257638 0.0256644 0.0253293 0.0517247 0.0099271 0.0099271 0.0000010 0.0289924 0.0099999 0.0227558 0.0247031 0.0065923 0.0065898 0.0065923 0.0170437 0.0248968 0.0032348 0.0032686 0.0175473 0.0175473 0.0112778 0.0100774 0.0256644 0.0255281 
MHUA-A7336_D_manonegra        0.0218545 0.0242715 0.0259723 0.0470353 0.0134821 0.0398944 0.0253156 0.0170376 0.0292637 0.0209737 0.0244485 0.0344244 0.0347075 0.0329797 0.0216355 0.0247408 0.0292715 0.0169104 0.0322621 0.0281525 0.0281525 0.0218545 0.0286136 0.0368166 0.0169581 0.0205104 0.0341291 0.0251395 0.0241828 0.0241828 0.0170376 0.0281525 0.0169044 0.0251203 0.0216355 0.0287738 0.0347075 0.0170437 0.0365266 0.0405893 0.0248880 0.0245736 0.0365266 0.0324504 0.0206737 0.0000000 0.0140160 0.0335886 0.0334581 0.0102893 0.0464855 0.0099998 0.0099998 0.0206737 0.0287538 0.0245736 0.0398944 0.0245039 0.0205176 0.0205104 0.0205176 0.0099233 0.0324502 0.0170437 0.0246944 0.0249147 0.0249147 0.0278849 0.0247736 0.0334581 0.0253156 
MJH7377_D_triangulum          0.0313389 0.0335188 0.0359429 0.0518444 0.0217014 0.0517316 0.0174541 0.0256072 0.0211974 0.0300858 0.0337806 0.0454503 0.0458948 0.0372460 0.0311008 0.0342348 0.0394158 0.0254025 0.0424097 0.0378211 0.0378211 0.0313389 0.0384736 0.0475619 0.0254808 0.0293554 0.0450439 0.0347927 0.0333888 0.0333888 0.0256072 0.0378211 0.0253934 0.0248238 0.0311008 0.0329002 0.0458948 0.0256165 0.0471726 0.0516393 0.0344445 0.0339599 0.0471726 0.0427021 0.0296039 0.0140160 0.0000000 0.0332024 0.0330745 0.0101599 0.0544239 0.0178778 0.0178778 0.0296039 0.0387011 0.0339599 0.0517316 0.0284579 0.0293658 0.0293554 0.0293658 0.0177309 0.0427015 0.0256165 0.0286820 0.0171955 0.0171955 0.0389035 0.0342528 0.0330745 0.0174541 
MNRJ35380_D_novaisi           0.0272968 0.0296375 0.0318087 0.0297924 0.0257638 0.0472071 0.0213175 0.0297732 0.0251649 0.0261744 0.0298682 0.0504194 0.0509381 0.0249629 0.0356181 0.0302610 0.0440893 0.0216536 0.0383585 0.0338626 0.0338626 0.0272968 0.0430266 0.0341542 0.0296262 0.0255480 0.0499715 0.0307651 0.0295225 0.0295225 0.0297732 0.0338626 0.0295225 0.0066314 0.0356181 0.0290923 0.0509381 0.0218356 0.0430259 0.0430259 0.0389350 0.0216536 0.0430259 0.0301974 0.0257638 0.0335886 0.0332024 0.0000000 0.0000022 0.0288520 0.0705639 0.0297839 0.0297839 0.0257638 0.0346437 0.0216536 0.0472071 0.0325508 0.0255572 0.0255480 0.0255572 0.0295330 0.0386119 0.0218356 0.0249629 0.0136766 0.0136766 0.0297159 0.0302884 0.0000022 0.0213175 
MNRJ46746_D_dutrai            0.0271864 0.0295225 0.0316781 0.0296762 0.0256644 0.0470033 0.0212372 0.0296576 0.0250693 0.0260707 0.0297517 0.0502056 0.0507193 0.0248691 0.0354716 0.0301410 0.0439090 0.0215699 0.0382069 0.0337306 0.0337306 0.0271864 0.0428545 0.0340196 0.0295113 0.0254497 0.0497610 0.0306412 0.0294084 0.0294084 0.0296576 0.0337306 0.0294084 0.0066074 0.0354716 0.0289814 0.0507193 0.0217509 0.0428538 0.0472375 0.0387785 0.0215699 0.0428538 0.0300781 0.0256644 0.0334581 0.0330745 0.0000022 0.0000000 0.0287430 0.0702430 0.0296681 0.0296681 0.0256644 0.0345051 0.0215699 0.0470033 0.0324279 0.0254589 0.0254497 0.0254589 0.0294188 0.0384579 0.0217509 0.0248691 0.0136264 0.0136264 0.0295840 0.0301676 0.0000010 0.0212372 
MNRJ56788_D_rossalleni        0.0268112 0.0291290 0.0312262 0.0374328 0.0176911 0.0462570 0.0209737 0.0214671 0.0247495 0.0257232 0.0293518 0.0309897 0.0357907 0.0245551 0.0265749 0.0297293 0.0346465 0.0212990 0.0376670 0.0332681 0.0332681 0.0268112 0.0253293 0.0335491 0.0213626 0.0251203 0.0307183 0.0302160 0.0290180 0.0290180 0.0214671 0.0332681 0.0212913 0.0208231 0.0265749 0.0286027 0.0357907 0.0214740 0.0332797 0.0373652 0.0299111 0.0295067 0.0332797 0.0379097 0.0253293 0.0102893 0.0101599 0.0288520 0.0287430 0.0000000 0.0429033 0.0139938 0.0139938 0.0253293 0.0340196 0.0295067 0.0462570 0.0243669 0.0251293 0.0251203 0.0251293 0.0138815 0.0379093 0.0214740 0.0245551 0.0206575 0.0206575 0.0288592 0.0297572 0.0287430 0.0209737 
MPEG27810_D_ozzyi             0.0548454 0.0563493 0.0493362 0.0642127 0.0422005 0.0804292 0.0645889 0.0469115 0.0699294 0.0469280 0.0568211 0.0482615 0.0541686 0.0468446 0.0651709 0.0577515 0.0632412 0.0465018 0.0672044 0.0615749 0.0615749 0.0548454 0.0561262 0.0512617 0.0466717 0.0512605 0.0588223 0.0586669 0.0561061 0.0561061 0.0469115 0.0615749 0.0561061 0.0586339 0.0651709 0.0632289 0.0541686 0.0469280 0.0508198 0.0556302 0.0683964 0.0571130 0.0508198 0.0678298 0.0517247 0.0464855 0.0544239 0.0705639 0.0702430 0.0429033 0.0000000 0.0517247 0.0517247 0.0517247 0.0736758 0.0571130 0.0804292 0.0672667 0.0512779 0.0512605 0.0512779 0.0512605 0.0678270 0.0469280 0.0575843 0.0530916 0.0530916 0.0423080 0.0469290 0.0702430 0.0645889 
MPEG28681_D_mapinguari        0.0105105 0.0207498 0.0142751 0.0384223 0.0099271 0.0268402 0.0216355 0.0133828 0.0255373 0.0100572 0.0134199 0.0220025 0.0221546 0.0292451 0.0103638 0.0135629 0.0175620 0.0134870 0.0206737 0.0169105 0.0169105 0.0105105 0.0249769 0.0330688 0.0169642 0.0170437 0.0218175 0.0137881 0.0206737 0.0206737 0.0133828 0.0169105 0.0134821 0.0214740 0.0103638 0.0172605 0.0221546 0.0065452 0.0245821 0.0283909 0.0212717 0.0134871 0.0245821 0.0287738 0.0099271 0.0099998 0.0178778 0.0297839 0.0296681 0.0139938 0.0517247 0.0000000 0.0000010 0.0099271 0.0250934 0.0134871 0.0268402 0.0209437 0.0170498 0.0170437 0.0170498 0.0065923 0.0287737 0.0065452 0.0135410 0.0212991 0.0212991 0.0152314 0.0135921 0.0296681 0.0216355 
MPEG28682_D_mapinguari        0.0105105 0.0207498 0.0142751 0.0384223 0.0099271 0.0268402 0.0216355 0.0133828 0.0255373 0.0100572 0.0134199 0.0220025 0.0221546 0.0292451 0.0103638 0.0135629 0.0175620 0.0134870 0.0206737 0.0169105 0.0169105 0.0105105 0.0249769 0.0330688 0.0169642 0.0170437 0.0218175 0.0137881 0.0206737 0.0206737 0.0133828 0.0169105 0.0134821 0.0214740 0.0103638 0.0172605 0.0221546 0.0065452 0.0245821 0.0283909 0.0212717 0.0134871 0.0245821 0.0287738 0.0099271 0.0099998 0.0178778 0.0297839 0.0296681 0.0139938 0.0517247 0.0000010 0.0000000 0.0099271 0.0250934 0.0134871 0.0268402 0.0209437 0.0170498 0.0170437 0.0170498 0.0065923 0.0287737 0.0065452 0.0135410 0.0212991 0.0212991 0.0152314 0.0135921 0.0296681 0.0216355 
